0 0.8401314099371383 0.4021796725118271 0.18687258067976745 0.3243243135764566
0 0.37989976495721534 0.4279196973988476 0.2610038523543859 0.571428552491851
0 0.2436063331804426 0.39016766089788446 0.166023160521281 0.3449163334860723
0 0.14181181842024676 0.4348332260385439 0.12693156412225934 0.28942849403722914
0 0.6832102286164319 0.11655274986862173 0.07008461013061713 0.1242005749150178
0 0.6273199699046741 0.1070898489227158 0.060325993530151015 0.0975861660046565
0 0.5638889620016476 0.08047544001235508 0.05322881782072192 0.10152904139878383
0 0.4906993374981551 0.07751828346675926 0.05677740567543647 0.09561472830759216
0 0.4308169174498436 0.09526122274033372 0.06121314049382997 0.07590035133695539
0 0.3527479846461179 0.15105290956723713 0.11887769313294524 0.11631482412676179
0 0.27889299991986716 0.15903723224034647 0.055890258711758 0.10547191679291125
0 0.24584677552283582 0.19008737596910094 0.03415515810162991 0.08280038327667855
0 0.22300274120810915 0.20930889351547263 0.03814731943818371 0.08772897751933746
0 0.19882798644786465 0.2369090212743655 0.03859089292002349 0.07984322673108275
0 0.07740755145861278 0.45661115648198314 0.048374152923708225 0.13643991850276718
0 0.10704118575950265 0.3608926872888338 0.033377819691436106 0.05702542671296698
0 0.1324681624009405 0.3102971686721423 0.011464901602437294 0.03240080887645382
0 0.16180358651445412 0.275986048824153 0.027515765709820023 0.06480162214269282
1 0.3455368317330432 0.6904679512464545 0.067181464955123 0.04633204479663711
1 0.18297339798758205 0.4852245264259652 0.021412781441957025 0.021378300312420523
1 0.41906222018110023 0.1218756316506944 0.010202190082304696 0.008871469636787517
3 0.31426270149531327 0.5411758069017375 0.03861003733053039 0.01887601825048121
0 0.7461008174000465 0.14822373577816883 0.04540101280609262 0.0701851405698049