0 0.3551893410656757 0.4167656866144716 0.26872585982049174 0.6452166238346425
0 0.8880078562269964 0.41075968080749975 0.1359073314034671 0.2522522438927997
0 0.356740145982672 0.04755243047138959 0.036373025510826475 0.0433716293354023
0 0.40739623760872545 0.055339609374792355 0.06121314049382997 0.08772897751933743
0 0.4661697239524394 0.05238245282919649 0.05810812612095453 0.08772897751933742
0 0.5373632677876544 0.04991815570786707 0.052341670857042735 0.09068613406493328
0 0.6052300105090744 0.06815395440570728 0.061213140493829823 0.09561472830759216
0 0.662716958073434 0.08816372339562248 0.06493915460960184 0.11473766843590837
0 0.7182878411983725 0.12459589028042883 0.054825679711385224 0.10290904282396028
0 0.7539511474184002 0.14766171022372937 0.07079432428751692 0.12774915660905298
0 0.7936066147824608 0.1801904306565902 0.03726017067764046 0.11000621819112888
0 0.8170272934941202 0.21153628852825584 0.024485255016735378 0.0804346541612554
0 0.8391172518244359 0.23992498999693415 0.03459872991495199 0.08280037928364575
0 0.8520411682618511 0.2441317047868921 0.03346990677866047 0.08854472692767246
0 0.8690948826681213 0.2670352741521841 0.0233758079089057 0.07791935969635233
0 0.09269482186858974 0.4311540502668835 0.09713024037181592 0.17905322088743783
1 0.3219847089614198 0.7007639612012625 0.03706563583730916 0.039468038160098494
1 0.39830298123101904 0.08934690964914267 0.012863630973340964 0.009857188485319078
1 0.459516121724849 0.07801114289102634 0.011976484009662607 0.008871469636787558
1 0.541133642383289 0.07308254864836615 0.01641221882805559 0.010842907333850575
1 0.618537214964255 0.09230406619473719 0.015081498382538054 0.011828626182382092
1 0.6796977117698302 0.11709953655465849 0.009031562146622873 0.01652834902649922
3 0.29495768283004836 0.5823598467209693 0.029343628371203172 0.022308021568750523
3 0.5406900689014494 0.05780390649612179 0.0048793083002327585 0.007885750788254722
3 0.4592943349839294 0.06519679786011143 0.006210028745750893 0.010842907333850575
3 0.39586332708090294 0.07258968922409972 0.006210028745750967 0.007885750788254712