0 0.3615121856400554 0.4867478445837278 0.2543550010044453 0.555841308317461
0 0.21798324042566253 0.4671718286698789 0.17441485437789472 0.36522631257748994
0 0.6940722465515137 0.5118279569892473 0.33207035064697266 0.5612903225806452
1 0.30834510029298934 0.625685608750318 0.05145867984090868 0.05582908971331152
1 0.785709499991752 0.3635545320013906 0.06540835591937855 0.07034465044712745
3 0.2951161794364454 0.5669220715390947 0.014597593247890117 0.028846873252920582
3 0.7804559812389895 0.3041270506063787 0.017815197895651558 0.029039185741273607
0 0.12028281355103565 0.5108642105789307 0.07870560948923666 0.24950691904346303
0 0.11336363909044334 0.4813423995470706 0.08303009352710689 0.18284476510055367
0 0.07855154258558872 0.5013410457299434 0.03502832070674833 0.13141967491602244
0 0.8569154245618353 0.45886773050346047 0.07438112545136644 0.23141290583038798
0 0.8986466955272818 0.49553191517206086 0.04367728878248833 0.16760770134217354
0 0.907079439401129 0.48648490856552284 0.07005664141349621 0.1666553848572749
0 0.6833248086483303 0.22402949602690922 0.056655971496427426 0.07462935806060188
0 0.6325777421545975 0.21044312571331233 0.056308388849209745 0.08572808310551135
0 0.5827832639217378 0.19513131090389804 0.047451293468474987 0.07500619539650577
0 0.5247402258554161 0.18709753165332968 0.04918294458125416 0.09108608829960611
0 0.4634787842833594 0.19015924890709748 0.04553332678547228 0.08037007791141756
0 0.41368757006947443 0.18460988638464274 0.0578725107616882 0.07309849943371724
0 0.3612025903396554 0.20412833387741477 0.06273866782273085 0.08917251501600056
0 0.31662511583403075 0.2301529305344458 0.056308388849209745 0.09453052021009532
0 0.27821723331651405 0.25081952199738156 0.04970431855208046 0.08534536844879044
0 0.24762996036138785 0.26670218025130493 0.04657607472712444 0.08190093653830122
0 0.21087309541815324 0.2795231212514595 0.04049337840082057 0.050135620030455505
1 0.16630145995444146 0.5750554840098058 0.0195515242378006 0.02232502202095636
3 0.15565674120274986 0.5415679509783707 0.005937870324072669 0.015308586528655762
1 0.7970397433827328 0.5738532778046784 0.01480701986677202 0.02250362044025913
1 0.8703449192020332 0.5614533236845355 0.012512974535300092 0.01607401460018453
3 0.8100740918570037 0.5033572423438668 0.005005189814120126 0.015614757040180184
3 0.8852835162314621 0.5040620867056312 0.0033792758897752684 0.010630963167833577
3 0.22988512175407183 0.2915552679365925 0.001424793778793454 0.0051678288710385835
3 0.2618172646787913 0.27245275764543225 0.0029333989563391505 0.005721524821506968
3 0.29940667701930734 0.2504894849435175 0.0028495875575864638 0.0038758716532786928
1 0.23080704714035005 0.3020754909954923 0.006621100501451149 0.009228265841140396
1 0.2626134729669405 0.2801122182935786 0.008213517077749533 0.008490004573848891
1 0.29973532942094616 0.260581746794176 0.010459662975241812 0.008859135555540174
1 0.3450685239163387 0.23503521574822037 0.011524067328474885 0.008920656979768855
3 0.3435669030220223 0.2219003173676649 0.004400098434508504 0.006921199380855297
3 0.46132921817424744 0.20344502572722709 0.004224094862218752 0.006910126059091287
3 0.5289147359697497 0.19905975342049587 0.003499964314409798 0.006112803821503794
1 0.46164533682959963 0.21482530725737378 0.009558522960702476 0.011162511010477692
1 0.5289894758709124 0.20988190952416322 0.014482610546518782 0.0102057243524375
1 0.5910474620627453 0.21913084721855905 0.010861957909888975 0.008930008808382935
1 0.6451400124539934 0.2350772915192426 0.012744697280936634 0.011481439896492066
3 0.6461682778027962 0.2243931738377845 0.004055130953025454 0.006059648834259431