0 0.7462339878082276 0.4628140244904463 0.230237102508545 0.3989006884298174
0 0.13888839896454108 0.47536942566867785 0.13799642926171884 0.2074162407664106
1 0.8312256113371357 0.5634806052816427 0.025824842908216628 0.026710070463242554
3 0.8392611299719821 0.542947238613025 0.006721534455563116 0.013243743271357472
0 0.24653775588830196 0.2692337206103916 0.044734926032842015 0.08692327183611054
0 0.27797316499054436 0.2518489552666911 0.05028226748108855 0.08627939574843592
0 0.31787972943087306 0.2297963102403051 0.05847702749391104 0.09368397075669696
0 0.36144511491383713 0.21498716022378206 0.05730748694403287 0.09046459031832191
0 0.4136374320834877 0.19647557296726342 0.057304161041974666 0.09593753706355909
0 0.463779913028181 0.1940611873743482 0.04531969630778088 0.08080644900319874
0 0.5246691179062162 0.18810533356335504 0.04926689566361997 0.09078652836215922
0 0.5826344714095553 0.19937316509766573 0.04707400713259835 0.08048451095936143
0 0.6321937522106449 0.21353843902651318 0.056430331531624134 0.09078652836215922
0 0.731897084087763 0.2547465086377068 0.03830245300851143 0.06503148485516376
0 0.7589427093036973 0.27132631789533507 0.04531969630778132 0.06986055551272535
0 0.787523356491346 0.29740329944616833 0.04078772667700292 0.07501156421412522
0 0.809086760379726 0.3178463652298457 0.026607047509729753 0.0682508652935388
0 0.8253141355092857 0.32798741361072486 0.04385777062043328 0.08853296205529708
1 0.23122996280611274 0.30186615628954266 0.007208105390781316 0.010060563271458852
1 0.2630065400922328 0.2805154053467807 0.008223331502158704 0.008495586762565318
1 0.29955468010182806 0.2605060628402131 0.010253783724914367 0.008719154835263556
1 0.348539339975799 0.24072028840634474 0.011776622891980448 0.010731267489555522
1 0.40158490429528126 0.22249949048136988 0.012893371614496107 0.009166290980661988
1 0.4620923805333885 0.2147863919732523 0.00944160283581219 0.010284131344157088
1 0.5289450199676062 0.21065038262831975 0.014822301226113499 0.0082720186898661
1 0.5911276192894863 0.21981667360898124 0.0110659646140161 0.00961342712606042
1 0.6450361258036394 0.23613714291601423 0.01147205505856741 0.00961342712606042
1 0.8174589509201473 0.3432117276048141 0.006598970051076236 0.007452269459390076
1 0.8432203147733865 0.3579299597871086 0.003976302466673687 0.007079655986420817
3 0.8031188813860779 0.3218796062773098 0.002622667584401661 0.005402895358058172
3 0.6462875899478437 0.22524230206266904 0.0037140357082336983 0.0067070425134505805
3 0.5288597639107462 0.1993456656912889 0.0037140357082336983 0.005589202094542802
3 0.46168140276898995 0.20400333410340757 0.004906926448235982 0.0063344290404813205
3 0.34765572762116803 0.22317321431252274 0.00302629899233553 0.003765783463754766
3 0.261743672070782 0.27240847508015353 0.002408812084544021 0.004787048112205911
3 0.2296359695292396 0.29078038945672574 0.0015275393706861706 0.005045807469622393