0 0.7567337293031926 0.34726761941951745 0.21158300457130724 0.4478764330341531
0 0.3327955194139681 0.45280172145630077 0.2764478672865984 0.6314886105615652
0 0.0590503626215988 0.4882744649697471 0.0779922754076713 0.15213372526112945
1 0.26715845595206605 0.6535739155750582 0.06949806719495476 0.0583440564105797
1 0.8457767958350225 0.5486426703943538 0.019774239055942344 0.02490916909746303
3 0.2590503481126548 0.6072418707784231 0.05482625300935345 0.02745602654615449
3 0.847731875967672 0.49067299281039245 0.011544282688026597 0.013240754337521244
0 0.32248267021999 0.11252547243629195 0.06460223565201025 0.0999181244751087
0 0.38260265211526595 0.0790888123136644 0.056676495674031754 0.09570701116459207
0 0.44467757150916115 0.06140950224381234 0.05868036042526647 0.09211799699786943
0 0.521841348215168 0.054231476503718755 0.059757064286280206 0.09610578907569899
0 0.580297447052125 0.058651377637892174 0.06235909946192889 0.09271616706569785
0 0.6442266870837662 0.07875639778237269 0.06980630032241164 0.11405085342593396
0 0.7001677194651046 0.10564590576873262 0.058944548456009355 0.08003276722474394
0 0.7394225456038839 0.13084653489486178 0.06093844438686765 0.1016333064757118
0 0.46365452719527916 0.029739884681922582 0.03574058698177695 0.05549677383502398
0 0.4123509874881727 0.04100596663361448 0.03437393570485303 0.051462824183835174
0 0.36421709262654284 0.05935257884265057 0.03364699446638222 0.05538599912161686
0 0.2738478457483872 0.13860057462597938 0.05695065252515046 0.1071719062836535
0 0.234540867967917 0.17047561557245902 0.05150233468517267 0.11165817817923543
0 0.2010733229547303 0.20636574427292767 0.04593936473659979 0.11165817817923543
0 0.1731687478901156 0.243850989804528 0.03463397419595223 0.0988972435301806
0 0.16195308267121952 0.2537008362367677 0.0335572703349379 0.09490945145234972
0 0.14101722002714429 0.2844601071043504 0.027515765709820002 0.07975584263715983
0 0.11539542849296314 0.32317441322560336 0.04311799950481827 0.10024865652372703
0 0.08168612541188412 0.37952966627140095 0.03476856029434788 0.09221768680221329