0 0.6794042592359089 0.41898993188989514 0.18687307602404557 0.36008231423127907
0 0.4989783043346936 0.5154919921038781 0.2905876332173909 0.5555555705282591
0 0.2789352573163797 0.5000598929225382 0.2653597679541444 0.5452675044073659
1 0.7211841023451095 0.5725151369532052 0.037600551096339974 0.0326777415044625
1 0.499755859375 0.6964247315929785 0.048828125 0.059731183616063464
1 0.18785989766424493 0.6329320347347617 0.022216602097057336 0.02792377628559353
3 0.7385004284059207 0.4829558823701562 0.00905431316848837 0.018942012581301695
3 0.503866850066722 0.6372765731970166 0.01977461923143986 0.030147707334483756
3 0.17550140488892807 0.5912310502358578 0.008327028527855607 0.02192362600934982
0 0.1554944085109493 0.48690576191461477 0.10040159358541567 0.2883905521219237
0 0.12079037942381632 0.4941155257176634 0.08163086087162075 0.22013812145306835
0 0.19259934527077704 0.3254070527263378 0.0611140134867747 0.10382059876389273
0 0.33263055961621224 0.20532901890865887 0.054237443000602514 0.0682508652935388
0 0.37824264106146255 0.19599281563737253 0.054822213275541376 0.08627939574843495
0 0.42824049956875676 0.18424207703730586 0.04926689566361997 0.09046459031832191
0 0.4879601638969131 0.1779642851824759 0.0400567638333289 0.0785528826963366
0 0.5419052217600462 0.18118366562085045 0.047658777407537656 0.08112838704703605
0 0.5951924130638728 0.18923211671678708 0.05540698355048068 0.08885490009913537
0 0.6453364641399013 0.20259254553604028 0.05657652410035885 0.08982071423064729
0 0.6848815539826587 0.21868944772791304 0.047658777407537656 0.08660133379227324
0 0.7171170153886774 0.2318889075252481 0.04926689566361997 0.08982071423064729
0 0.7543961204160454 0.25828782711991916 0.04780496997627193 0.08466970552924839
0 0.7822458047600205 0.2782479858378401 0.037717682733572566 0.08016257291552412
0 0.7988386613114176 0.289193879328314 0.03640194961495968 0.07758706856482467
0 0.8179167915313066 0.30416399836675473 0.025729892097320572 0.06438760876748914
0 0.8312934115705386 0.31398310870379653 0.046635429426394204 0.09625947510739641
0 0.8617158347549689 0.34970972384714505 0.0258882658401296 0.06058694770144939
1 0.12208694597576053 0.5722740012745797 0.014034486598538454 0.01854363132503642
1 0.17044272461335574 0.3638360963484115 0.006838676416480727 0.009781103934819253
3 0.16878593187328028 0.35622857106577516 0.002397061836704406 0.007918036518662784
3 0.3166478853515575 0.23286224758489585 0.003130280665254226 0.006148122303996691
3 0.36569046139481554 0.21233766429132991 0.0036660945737834183 0.006831247192572083
3 0.42117539273265336 0.19510429069188676 0.0038070982112365925 0.007452269664623913
1 0.36676208903945984 0.2228950463162125 0.012337818277155854 0.011178404496935869
1 0.4215848586894204 0.2050835376181122 0.01411164294814915 0.010284131344157088
1 0.48945272423501596 0.19770579121904247 0.011573577669705237 0.009389859053361203
1 0.5471903435245873 0.20485434350310303 0.013183840101875344 0.007141758428597998
1 0.6080334130856477 0.21292763563977923 0.007966705516106565 0.010867893260909955
3 0.547366598071404 0.1935206833881537 0.002397061836704406 0.004657668540389701
3 0.6085974276354602 0.2009729530527781 0.003454589117603657 0.006831247192572083
3 0.7334828269111968 0.25395217015496946 0.002368861043976267 0.004471361675634046
3 0.6621631890514901 0.2177155099086855 0.00169204360283981 0.004285054939149416
3 0.6995996537643259 0.22647192652346848 0.002622667584401661 0.002794601047271401
1 0.6616132748805672 0.2273103068376498 0.00956004635604657 0.008197496405328596
1 0.6985844276026221 0.24305322607061175 0.009898455076614354 0.010992097452599997
1 0.7333559236409841 0.2614044396143595 0.005837550429798277 0.010805790716115368
1 0.7723998297765178 0.28785999619519353 0.006091356970223671 0.008197496405328596
1 0.7973997740084786 0.3072358967896082 0.0038070981063897946 0.005961815567512061
3 0.7734573570282928 0.2800351132628342 0.0017766457829822002 0.0052165886215725646
3 0.7982037487529827 0.3003156717775245 0.001586290884943331 0.005045807469622393
3 0.8131882428981192 0.30978611736576644 0.0012239898569488261 0.0033423083027090436
3 0.8285860352985384 0.3227240849891557 0.001175030262671406 0.0031266755089853432
1 0.8127231267524788 0.31533866180413783 0.004504282673572391 0.006684616605418087
1 0.8279740403700635 0.3289774360071269 0.0034761311937350214 0.006145534621110303