0 0.51953125 0.5075268817204301 0.21875 0.5505376344086022
0 0.6761474609375 0.4196236559139785 0.193115234375 0.3532258064516129
0 0.2894287109375 0.4629032258064516 0.241455078125 0.46021505376344085
1 0.5260009765625 0.6456989247311828 0.076416015625 0.05053763440860215
1 0.7213134765625 0.5728494623655914 0.037353515625 0.032795698924731186
1 0.2103271484375 0.5846774193548387 0.034912109375 0.03602150537634408
3 0.5245361328125 0.6024193548387097 0.019775390625 0.02849462365591398
3 0.738037109375 0.4825268817204301 0.0087890625 0.01989247311827957
3 0.2012939453125 0.5548387096774193 0.006591796875 0.01935483870967742
0 0.162841796875 0.4817204301075269 0.11474609375 0.2989247311827957
0 0.12109375 0.49650537634408604 0.08203125 0.22311827956989247
0 0.2384033203125 0.27043010752688174 0.058349609375 0.08387096774193549
0 0.2747802734375 0.2163978494623656 0.036865234375 0.04032258064516129
0 0.2904052734375 0.19543010752688172 0.024658203125 0.026344086021505377
0 0.330810546875 0.20833333333333334 0.0576171875 0.07688172043010753
0 0.3775634765625 0.19650537634408602 0.054931640625 0.08548387096774193
0 0.42822265625 0.18440860215053764 0.04931640625 0.09032258064516129
0 0.48779296875 0.17688172043010753 0.03955078125 0.08064516129032258
0 0.5411376953125 0.1817204301075269 0.047119140625 0.08064516129032258
0 0.5950927734375 0.18870967741935485 0.055908203125 0.08817204301075268
0 0.6451416015625 0.20161290322580644 0.056884765625 0.08817204301075268
0 0.6849365234375 0.21854838709677418 0.048095703125 0.08655913978494624
0 0.7186279296875 0.23413978494623655 0.045166015625 0.08548387096774193
0 0.7530517578125 0.25483870967741934 0.041748046875 0.07849462365591398
0 0.784912109375 0.28118279569892474 0.033203125 0.07634408602150537
0 0.80126953125 0.2903225806451613 0.04443359375 0.08924731182795699
0 0.81591796875 0.3002688172043011 0.0458984375 0.10053763440860215
0 0.8397216796875 0.3209677419354839 0.030029296875 0.07956989247311828
1 0.1220703125 0.571505376344086 0.013671875 0.017204301075268817
1 0.2149658203125 0.3024193548387097 0.006591796875 0.00913978494623656
1 0.3133544921875 0.24086021505376345 0.010498046875 0.007526881720430108
1 0.3670654296875 0.22258064516129034 0.012451171875 0.010752688172043012
1 0.4217529296875 0.20376344086021506 0.013916015625 0.010752688172043012
1 0.4891357421875 0.19704301075268818 0.012451171875 0.00913978494623656
1 0.546875 0.20430107526881722 0.01318359375 0.007526881720430108
1 0.6077880859375 0.21263440860215055 0.007568359375 0.01021505376344086
1 0.66162109375 0.22768817204301076 0.00927734375 0.00913978494623656
1 0.6986083984375 0.24274193548387096 0.009521484375 0.01129032258064516
1 0.7330322265625 0.260752688172043 0.006103515625 0.010752688172043012
1 0.76416015625 0.27903225806451615 0.0068359375 0.00967741935483871
1 0.7969970703125 0.3064516129032258 0.003662109375 0.005376344086021506
1 0.819580078125 0.3239247311827957 0.00439453125 0.006989247311827957
3 0.820068359375 0.3172043010752688 0.00146484375 0.004301075268817204
3 0.7977294921875 0.29973118279569894 0.001708984375 0.004838709677419355
3 0.767578125 0.256989247311828 0.001953125 0.004301075268817204
3 0.7333984375 0.2537634408602151 0.00244140625 0.005376344086021506
3 0.662109375 0.2174731182795699 0.001953125 0.004838709677419355
3 0.6083984375 0.20053763440860214 0.00390625 0.007526881720430108
3 0.54736328125 0.19381720430107527 0.0029296875 0.005913978494623656
3 0.421142578125 0.19408602150537635 0.00439453125 0.0064516129032258064
3 0.3658447265625 0.21129032258064517 0.003662109375 0.007526881720430108
3 0.3128662109375 0.23360215053763442 0.003173828125 0.004838709677419355
3 0.214111328125 0.2956989247311828 0.001953125 0.005376344086021506
