0 0.35082236842105263 0.37755847953216376 0.2555921052631579 0.5986842105263158
0 0.6634868421052632 0.42251461988304095 0.2848684210526316 0.6739766081871345
0 0.20592105263157895 0.3782894736842105 0.1881578947368421 0.5255847953216374
1 0.2957236842105263 0.5328947368421053 0.06842105263157895 0.043859649122807015
1 0.7330592105263158 0.5614035087719298 0.03782894736842105 0.039473684210526314
3 0.27713815789473684 0.4755116959064328 0.016776315789473684 0.03289473684210526
3 0.7511513157894737 0.5321637426900585 0.016776315789473684 0.02631578947368421
0 0.8018092105263158 0.38596491228070173 0.1424342105263158 0.4093567251461988
0 0.8546052631578948 0.40497076023391815 0.11381578947368422 0.358187134502924
0 0.11118421052631579 0.42214912280701755 0.10328947368421053 0.2273391812865497
0 0.06957236842105263 0.45358187134502925 0.07598684210526316 0.1615497076023392
0 0.15460526315789475 0.260233918128655 0.05 0.1023391812865497
0 0.19177631578947368 0.20906432748538012 0.03684210526315789 0.08187134502923976
0 0.2393092105263158 0.1524122807017544 0.03190789473684211 0.07675438596491228
0 0.2825657894736842 0.11366959064327485 0.05460526315789474 0.07090643274853801
0 0.3355263157894737 0.08442982456140351 0.057236842105263155 0.08260233918128655
0 0.3985197368421053 0.05007309941520468 0.06611842105263158 0.07236842105263158
0 0.4577302631578947 0.05445906432748538 0.04901315789473684 0.09137426900584796
0 0.5258223684210527 0.04788011695906433 0.047697368421052634 0.09429824561403509
0 0.587171052631579 0.05555555555555555 0.060526315789473685 0.07894736842105263
3 0.5963815789473684 0.07602339181286549 0.0059210526315789476 0.011695906432748537
3 0.5276315789473685 0.049342105263157895 0.007236842105263158 0.009502923976608187
3 0.45526315789473687 0.06798245614035088 0.005263157894736842 0.0043859649122807015
3 0.3851973684210526 0.07273391812865497 0.004605263157894736 0.010964912280701754
3 0.3199013157894737 0.11988304093567251 0.005592105263157895 0.011695906432748537
1 0.4541118421052632 0.07785087719298246 0.01611842105263158 0.00804093567251462
1 0.5276315789473685 0.0668859649122807 0.01381578947368421 0.012426900584795321
0 0.6444078947368421 0.07894736842105263 0.05855263157894737 0.08187134502923976
0 0.7 0.12097953216374269 0.06315789473684211 0.10891812865497076
0 0.7389802631578948 0.1388888888888889 0.04375 0.0935672514619883
0 0.7639802631578947 0.15935672514619884 0.037171052631578945 0.09064327485380116
3 0.6582236842105263 0.10343567251461988 0.003947368421052632 0.009502923976608187
