0 0.37088815789473684 0.3508771929824561 0.22796052631578947 0.5087719298245614
0 0.7935855263157895 0.30628654970760233 0.3042763157894737 0.42543859649122806
0 0.15921052631578947 0.4473684210526316 0.1875 0.3538011695906433
0 0.21447368421052632 0.22112573099415206 0.042105263157894736 0.10599415204678363
0 0.246875 0.1823830409356725 0.04243421052631579 0.1074561403508772
1 0.3360197368421053 0.5307017543859649 0.07335526315789474 0.039473684210526314
3 0.3207236842105263 0.44627192982456143 0.02236842105263158 0.035818713450292396
0 0.2878289473684211 0.14583333333333334 0.0625 0.11915204678362573
0 0.33404605263157894 0.11440058479532164 0.05296052631578947 0.09722222222222222
0 0.3875 0.07602339181286549 0.06513157894736842 0.1023391812865497
0 0.45230263157894735 0.06286549707602339 0.05460526315789474 0.09649122807017543
0 0.5238486842105263 0.04861111111111111 0.05625 0.09722222222222222
0 0.5893092105263158 0.0577485380116959 0.06677631578947368 0.097953216374269
0 0.6452302631578948 0.0763888888888889 0.058881578947368424 0.08698830409356725
0 0.6947368421052632 0.07821637426900585 0.05789473684210526 0.07163742690058479
0 0.9134868421052632 0.4141081871345029 0.06513157894736842 0.19809941520467836
0 0.8792763157894737 0.40826023391812866 0.057236842105263155 0.1878654970760234
0 0.9532894736842106 0.45650584795321636 0.019078947368421053 0.10453216374269006
