0 0.35657894736842105 0.42251461988304095 0.26842105263157895 0.6432748538011696
0 0.8878289473684211 0.4108187134502924 0.13421052631578947 0.24853801169590642
0 0.4075657894736842 0.05701754385964912 0.06315789473684211 0.0891812865497076
0 0.46710526315789475 0.049707602339181284 0.056578947368421055 0.08771929824561403
0 0.5376644736842106 0.047149122807017545 0.05296052631578947 0.08698830409356725
0 0.6042763157894737 0.06761695906432749 0.06118421052631579 0.09429824561403509
0 0.6620065789473685 0.08406432748538012 0.06677631578947368 0.1067251461988304
0 0.6797697368421053 0.11586257309941521 0.008881578947368421 0.013888888888888888
0 0.7175986842105263 0.1253654970760234 0.05625 0.10014619883040936
0 0.7532894736842105 0.12024853801169591 0.04407894736842105 0.07090643274853801
0 0.8402960526315789 0.241593567251462 0.03125 0.07967836257309942
0 0.7932565789473685 0.21125730994152048 0.08190789473684211 0.15204678362573099
0 0.852796052631579 0.24671052631578946 0.033223684210526315 0.09137426900584796
1 0.32220394736842106 0.7039473684210527 0.03914473684210526 0.04678362573099415
1 0.618421052631579 0.09064327485380116 0.014473684210526316 0.011695906432748537
1 0.540296052631579 0.07309941520467836 0.01611842105263158 0.011695906432748537
1 0.45953947368421055 0.07711988304093567 0.011842105263157895 0.009502923976608187
1 0.3973684210526316 0.089546783625731 0.015789473684210527 0.010964912280701754
3 0.2955592105263158 0.5818713450292398 0.030592105263157896 0.021929824561403508
3 0.6194078947368421 0.07967836257309942 0.004605263157894736 0.008771929824561403
3 0.540625 0.05665204678362573 0.005592105263157895 0.00804093567251462
3 0.459375 0.06359649122807018 0.005592105263157895 0.01023391812865497
3 0.39539473684210524 0.07309941520467836 0.0059210526315789476 0.008771929824561403
0 0.1674342105263158 0.32858187134502925 0.1361842105263158 0.20394736842105263
0 0.30838815789473684 0.09320175438596491 0.051644736842105264 0.06798245614035088
0 0.9601973684210526 0.45614035087719296 0.042105263157894736 0.10380116959064327
0 0.8694078947368421 0.2708333333333333 0.021710526315789475 0.06798245614035088
0 0.8796052631578948 0.2880116959064328 0.017105263157894738 0.05555555555555555
0 0.5789473684210527 0.034722222222222224 0.035526315789473684 0.0577485380116959
