0 0.4947509765625 0.4002688172043011 0.104736328125 0.2478494623655914
0 0.6051025390625 0.3903225806451613 0.136474609375 0.23440860215053763
0 0.3419189453125 0.4080645161290323 0.149169921875 0.27741935483870966
0 0.2322998046875 0.4266129032258065 0.106201171875 0.21021505376344085
0 0.7164306640625 0.41397849462365593 0.114990234375 0.2
1 0.31298828125 0.44650537634408605 0.03515625 0.02956989247311828
1 0.6368408203125 0.42258064516129035 0.016845703125 0.011827956989247311
1 0.4967041015625 0.4274193548387097 0.038330078125 0.02795698924731183
1 0.1995849609375 0.5026881720430108 0.016845703125 0.016129032258064516
3 0.308837890625 0.4220430107526882 0.00927734375 0.017204301075268817
3 0.640869140625 0.4043010752688172 0.00634765625 0.010752688172043012
3 0.4970703125 0.40483870967741936 0.0078125 0.016129032258064516
0 0.07275390625 0.5008064516129033 0.06201171875 0.07688172043010753
0 0.76611328125 0.4053763440860215 0.07861328125 0.17634408602150536
0 0.7056884765625 0.3043010752688172 0.040771484375 0.06666666666666667
0 0.671142578125 0.2862903225806452 0.0546875 0.06720430107526881
0 0.6405029296875 0.2862903225806452 0.047119140625 0.057526881720430106
0 0.601318359375 0.26129032258064516 0.0439453125 0.04516129032258064
0 0.5560302734375 0.267741935483871 0.051513671875 0.07849462365591398
0 0.5106201171875 0.2696236559139785 0.039306640625 0.07150537634408602
0 0.4649658203125 0.267741935483871 0.042236328125 0.08172043010752689
0 0.41748046875 0.27123655913978495 0.04443359375 0.07473118279569893
0 0.207275390625 0.35698924731182796 0.0361328125 0.06774193548387097
0 0.1851806640625 0.3736559139784946 0.030029296875 0.06451612903225806
0 0.1680908203125 0.3836021505376344 0.030029296875 0.06182795698924731
0 0.15185546875 0.39408602150537636 0.02294921875 0.05698924731182796
1 0.7584228515625 0.4599462365591398 0.013427734375 0.014516129032258065
1 0.79541015625 0.443010752688172 0.00732421875 0.01827956989247312
3 0.7615966796875 0.4400537634408602 0.003173828125 0.012365591397849462
3 0.71923828125 0.3206989247311828 0.001953125 0.003763440860215054
3 0.6907958984375 0.30913978494623656 0.001708984375 0.0032258064516129032
1 0.718994140625 0.3327956989247312 0.00439453125 0.0064516129032258064
3 0.6568603515625 0.30483870967741933 0.002197265625 0.005376344086021506
3 0.568603515625 0.27043010752688174 0.0029296875 0.005376344086021506
3 0.5135498046875 0.2793010752688172 0.003173828125 0.004838709677419355
3 0.465087890625 0.2779569892473118 0.00341796875 0.004301075268817204
3 0.4129638671875 0.27741935483870966 0.003173828125 0.004301075268817204
1 0.413330078125 0.28978494623655915 0.01171875 0.00967741935483871
1 0.143798828125 0.4134408602150538 0.0029296875 0.005376344086021506
1 0.193115234375 0.3844086021505376 0.00537109375 0.005376344086021506
