0 0.1759033203125 0.4986559139784946 0.159912109375 0.22741935483870968
0 0.8643798828125 0.3728494623655914 0.040771484375 0.06397849462365592
0 0.7965087890625 0.3185483870967742 0.052001953125 0.08225806451612903
0 0.5076904296875 0.22043010752688172 0.043701171875 0.08387096774193549
0 0.2633056640625 0.3045698924731183 0.054931640625 0.07688172043010753
0 0.2178955078125 0.33306451612903226 0.045654296875 0.07580645161290323
1 0.241455078125 0.32983870967741935 0.005859375 0.00913978494623656
1 0.1982421875 0.36370967741935484 0.0048828125 0.008064516129032258
3 0.2412109375 0.3241935483870968 0.00244140625 0.004301075268817204
3 0.8175048828125 0.3416666666666667 0.002197265625 0.004838709677419355
1 0.8172607421875 0.3489247311827957 0.003662109375 0.008602150537634409
