0 0.2369384765625 0.4053763440860215 0.133056640625 0.17526881720430107
0 0.8233642578125 0.4583333333333333 0.107666015625 0.14677419354838708
0 0.171875 0.4206989247311828 0.0751953125 0.15645161290322582
1 0.1810302734375 0.4446236559139785 0.012451171875 0.016129032258064516
3 0.177978515625 0.431989247311828 0.0029296875 0.00913978494623656
0 0.1466064453125 0.4228494623655914 0.063720703125 0.12741935483870967
0 0.8834228515625 0.47956989247311826 0.042724609375 0.10215053763440861
0 0.691650390625 0.32983870967741935 0.091796875 0.11451612903225807
0 0.783203125 0.35833333333333334 0.0302734375 0.06290322580645161
0 0.7646484375 0.3448924731182796 0.03466796875 0.06935483870967742
0 0.7391357421875 0.3303763440860215 0.032470703125 0.07580645161290323
0 0.6444091796875 0.27876344086021504 0.041748046875 0.07795698924731183
0 0.6068115234375 0.2752688172043011 0.049072265625 0.07741935483870968
0 0.5628662109375 0.2591397849462366 0.039794921875 0.08387096774193549
0 0.512939453125 0.25268817204301075 0.03173828125 0.07204301075268817
0 0.468994140625 0.25188172043010754 0.0400390625 0.07473118279569893
0 0.4222412109375 0.2540322580645161 0.047607421875 0.07473118279569893
0 0.37841796875 0.26129032258064516 0.0478515625 0.07311827956989247
0 0.30712890625 0.29973118279569894 0.09228515625 0.07580645161290323
0 0.2523193359375 0.289247311827957 0.038330078125 0.07096774193548387
0 0.228515625 0.3056451612903226 0.04296875 0.07473118279569893
0 0.097412109375 0.442741935483871 0.03759765625 0.08655913978494624
1 0.8890380859375 0.5029569892473118 0.003662109375 0.008064516129032258
1 0.7509765625 0.353494623655914 0.005859375 0.008064516129032258
1 0.7777099609375 0.3688172043010753 0.005126953125 0.007526881720430108
1 0.7943115234375 0.38333333333333336 0.004150390625 0.005376344086021506
3 0.79443359375 0.3782258064516129 0.00146484375 0.002688172043010753
3 0.7781982421875 0.3596774193548387 0.001220703125 0.004301075268817204
3 0.751708984375 0.3443548387096774 0.001953125 0.004838709677419355
3 0.61767578125 0.28978494623655915 0.00439453125 0.010752688172043012
3 0.56689453125 0.26666666666666666 0.0029296875 0.005376344086021506
1 0.5662841796875 0.2806451612903226 0.008544921875 0.0064516129032258064
1 0.6171875 0.2991935483870968 0.01025390625 0.008064516129032258
1 0.6527099609375 0.31048387096774194 0.004150390625 0.00913978494623656
1 0.412841796875 0.2739247311827957 0.01123046875 0.008064516129032258
1 0.4658203125 0.2706989247311828 0.01123046875 0.008064516129032258
1 0.5189208984375 0.2739247311827957 0.010009765625 0.008064516129032258
3 0.4658203125 0.2591397849462366 0.0029296875 0.005376344086021506
3 0.412841796875 0.2610215053763441 0.00244140625 0.006989247311827957
3 0.36669921875 0.2709677419354839 0.0029296875 0.005376344086021506
1 0.3486328125 0.3010752688172043 0.00537109375 0.010752688172043012
1 0.1441650390625 0.46344086021505376 0.008056640625 0.010752688172043012
1 0.1207275390625 0.4575268817204301 0.004150390625 0.010752688172043012
1 0.1031494140625 0.46048387096774196 0.002685546875 0.008064516129032258
