0 0.3379934210526316 0.39510233918128657 0.2700657894736842 0.6264619883040936
0 0.7603618421052631 0.3622076023391813 0.22401315789473683 0.39985380116959063
1 0.278125 0.5566520467836257 0.06875 0.03728070175438596
1 0.8519736842105263 0.4857456140350877 0.017763157894736842 0.015350877192982455
3 0.26151315789473684 0.5244883040935673 0.01381578947368421 0.02412280701754386
0 0.2125 0.22295321637426901 0.03881578947368421 0.10380116959064327
0 0.24539473684210528 0.19042397660818713 0.04276315789473684 0.10307017543859649
0 0.28092105263157896 0.15204678362573099 0.05131578947368421 0.09941520467836257
0 0.33075657894736843 0.0983187134502924 0.058881578947368424 0.08991228070175439
0 0.3881578947368421 0.06615497076023392 0.07039473684210526 0.08260233918128655
0 0.4529605263157895 0.0577485380116959 0.05 0.09502923976608187
0 0.5235197368421053 0.04824561403508772 0.05690789473684211 0.09649122807017543
0 0.5939144736842106 0.06615497076023392 0.06151315789473684 0.09576023391812866
0 0.6534539473684211 0.08369883040935673 0.0680921052631579 0.10453216374269006
0 0.6993421052631579 0.09758771929824561 0.05855263157894737 0.10891812865497076
0 0.7393092105263158 0.13121345029239767 0.04703947368421053 0.09576023391812866
0 0.775 0.1611842105263158 0.05460526315789474 0.1118421052631579
0 0.80625 0.19480994152046785 0.030921052631578946 0.08552631578947369
0 0.8199013157894737 0.20687134502923976 0.03453947368421053 0.08771929824561403
0 0.8884868421052632 0.40131578947368424 0.10855263157894737 0.21637426900584794
0 0.9379934210526316 0.44371345029239767 0.03848684210526316 0.15058479532163743
0 0.9018092105263158 0.3267543859649123 0.019407894736842107 0.038011695906432746
0 0.9118421052631579 0.34173976608187134 0.007894736842105263 0.027046783625730993
