0 0.6623355263157895 0.4232456140350877 0.2858552631578947 0.6695906432748538
0 0.3470394736842105 0.38011695906432746 0.2618421052631579 0.6038011695906432
0 0.20789473684210527 0.3826754385964912 0.18881578947368421 0.5051169590643275
0 0.5268092105263158 0.04788011695906433 0.051644736842105264 0.09576023391812866
0 0.45789473684210524 0.05555555555555555 0.04868421052631579 0.09502923976608187
0 0.10953947368421052 0.42580409356725146 0.10394736842105264 0.22295321637426901
0 0.06184210526315789 0.45650584795321636 0.060526315789473685 0.1527777777777778
1 0.296875 0.533625730994152 0.06875 0.049707602339181284
1 0.7315789473684211 0.5621345029239766 0.031578947368421054 0.04093567251461988
3 0.2774671052631579 0.47478070175438597 0.014802631578947368 0.03435672514619883
3 0.7511513157894737 0.5339912280701754 0.015460526315789473 0.025584795321637425
0 0.8008223684210526 0.3815789473684211 0.1450657894736842 0.38742690058479534
0 0.8444078947368421 0.3929093567251462 0.13289473684210526 0.3516081871345029
0 0.8819078947368421 0.3965643274853801 0.09144736842105264 0.26535087719298245
0 0.9199013157894737 0.42543859649122806 0.05361842105263158 0.15935672514619884
0 0.8485197368421052 0.27266081871345027 0.0430921052631579 0.054093567251461985
0 0.7927631578947368 0.1915204678362573 0.0375 0.09210526315789473
0 0.7651315789473684 0.16447368421052633 0.04276315789473684 0.097953216374269
0 0.7370065789473684 0.14144736842105263 0.048355263157894735 0.09576023391812866
0 0.6973684210526315 0.11915204678362573 0.06578947368421052 0.10526315789473684
0 0.6435855263157895 0.0800438596491228 0.06019736842105263 0.08406432748538012
0 0.6547697368421053 0.05263157894736842 0.03848684210526316 0.038011695906432746
0 0.6894736842105263 0.06834795321637427 0.04013157894736842 0.03874269005847953
0 0.7225328947368421 0.09064327485380116 0.029276315789473685 0.03654970760233918
0 0.7483552631578947 0.11293859649122807 0.02368421052631579 0.02850877192982456
0 0.6161184210526316 0.03728070175438596 0.039473684210526314 0.04093567251461988
0 0.5866776315789474 0.05665204678362573 0.058881578947368424 0.07529239766081872
0 0.5677631578947369 0.03216374269005848 0.039473684210526314 0.059941520467836254
0 0.47384868421052634 0.03033625730994152 0.03453947368421053 0.056286549707602336
0 0.3988486842105263 0.0533625730994152 0.06546052631578947 0.08187134502923976
0 0.4273026315789474 0.03545321637426901 0.024342105263157894 0.056286549707602336
3 0.3851973684210526 0.07383040935672515 0.004605263157894736 0.011695906432748537
0 0.2858552631578947 0.11220760233918128 0.06315789473684211 0.07236842105263158
0 0.3381578947368421 0.09027777777777778 0.06184210526315789 0.08698830409356725
0 0.24605263157894736 0.14546783625730994 0.04407894736842105 0.08187134502923976
0 0.21677631578947368 0.17945906432748537 0.039473684210526314 0.07821637426900585
0 0.19342105263157894 0.2134502923976608 0.03618421052631579 0.0891812865497076
0 0.13980263157894737 0.2880116959064328 0.05394736842105263 0.10526315789473684
0 0.10855263157894737 0.3263888888888889 0.031578947368421054 0.08406432748538012
0 0.09194078947368421 0.3505116959064328 0.02138157894736842 0.062134502923976605
0 0.025 0.4926900584795322 0.035526315789473684 0.09210526315789473
