0 0.8399671052631579 0.402046783625731 0.18717105263157896 0.32456140350877194
0 0.3794407894736842 0.427266081871345 0.26085526315789476 0.5723684210526315
0 0.24342105263157895 0.3896198830409357 0.16578947368421051 0.34502923976608185
0 0.1417763157894737 0.4342105263157895 0.12697368421052632 0.2894736842105263
0 0.6830592105263158 0.1162280701754386 0.0700657894736842 0.12426900584795321
0 0.6269736842105263 0.10635964912280702 0.05986842105263158 0.09722222222222222
0 0.5636513157894737 0.0800438596491228 0.05296052631578947 0.10160818713450293
0 0.490625 0.07711988304093567 0.05690789473684211 0.09576023391812866
0 0.4305921052631579 0.09502923976608187 0.06118421052631579 0.07602339181286549
0 0.3526315789473684 0.15058479532163743 0.11907894736842105 0.11695906432748537
0 0.27845394736842105 0.15862573099415206 0.05625 0.10526315789473684
0 0.24572368421052632 0.18969298245614036 0.034210526315789476 0.08260233918128655
0 0.22269736842105264 0.20869883040935672 0.038157894736842106 0.08698830409356725
0 0.1986842105263158 0.2364766081871345 0.03881578947368421 0.07967836257309942
0 0.07713815789473684 0.45614035087719296 0.048355263157894735 0.13596491228070176
0 0.1069078947368421 0.36001461988304095 0.03355263157894737 0.056286549707602336
0 0.13223684210526315 0.30957602339181284 0.01118421052631579 0.03289473684210526
0 0.16167763157894738 0.27521929824561403 0.02730263157894737 0.06359649122807018
1 0.34523026315789473 0.6900584795321637 0.06743421052631579 0.04678362573099415
1 0.18273026315789473 0.48501461988304095 0.02138157894736842 0.021198830409356724
1 0.41891447368421053 0.12134502923976608 0.010197368421052632 0.008771929824561403
3 0.31398026315789473 0.5409356725146199 0.03914473684210526 0.019005847953216373
0 0.7460526315789474 0.1476608187134503 0.045394736842105265 0.07017543859649122
