0 0.50390625 0.5026881720430108 0.1953125 0.4946236559139785
0 0.7103271484375 0.47876344086021505 0.256103515625 0.48870967741935484
0 0.2828369140625 0.503494623655914 0.249267578125 0.48440860215053766
1 0.8050537109375 0.5809139784946237 0.019775390625 0.026344086021505377
1 0.510986328125 0.5970430107526882 0.0439453125 0.027419354838709678
1 0.1864013671875 0.6169354838709677 0.028564453125 0.04139784946236559
3 0.811279296875 0.553494623655914 0.02880859375 0.01881720430107527
3 0.5087890625 0.5661290322580645 0.01025390625 0.03225806451612903
3 0.179443359375 0.5940860215053764 0.025390625 0.01827956989247312
0 0.1824951171875 0.46344086021505376 0.108642578125 0.27419354838709675
0 0.12841796875 0.4854838709677419 0.07958984375 0.2053763440860215
0 0.2261962890625 0.2618279569892473 0.050048828125 0.06559139784946237
0 0.3319091796875 0.2172043010752688 0.055908203125 0.09247311827956989
0 0.377685546875 0.20080645161290323 0.0537109375 0.09193548387096774
0 0.4293212890625 0.1814516129032258 0.051025390625 0.09623655913978495
0 0.484375 0.1728494623655914 0.0439453125 0.09301075268817205
0 0.5430908203125 0.18118279569892473 0.050048828125 0.08494623655913978
0 0.5938720703125 0.18978494623655914 0.058349609375 0.08817204301075268
0 0.642578125 0.19919354838709677 0.05859375 0.08225806451612903
0 0.69189453125 0.21693548387096775 0.05322265625 0.07365591397849462
0 0.7288818359375 0.24327956989247312 0.044677734375 0.08548387096774193
0 0.75439453125 0.25591397849462366 0.04248046875 0.08387096774193549
0 0.7801513671875 0.2731182795698925 0.034912109375 0.07741935483870968
0 0.8001708984375 0.2870967741935484 0.053955078125 0.0978494623655914
0 0.865966796875 0.3521505376344086 0.0244140625 0.05698924731182796
0 0.8509521484375 0.3381720430107527 0.023681640625 0.05913978494623656
0 0.8370361328125 0.32231182795698926 0.026123046875 0.06505376344086021
1 0.146728515625 0.5760752688172043 0.01513671875 0.02204301075268817
1 0.10302734375 0.5658602150537635 0.01025390625 0.01881720430107527
3 0.13720703125 0.5185483870967742 0.00390625 0.013440860215053764
1 0.2061767578125 0.27231182795698927 0.006103515625 0.01021505376344086
1 0.315185546875 0.2411290322580645 0.00732421875 0.008064516129032258
1 0.3656005859375 0.22446236559139784 0.011962890625 0.00913978494623656
1 0.423583984375 0.20403225806451614 0.01416015625 0.01021505376344086
1 0.4837646484375 0.19946236559139785 0.014892578125 0.010752688172043012
1 0.5489501953125 0.20403225806451614 0.009521484375 0.01129032258064516
1 0.605712890625 0.21263440860215055 0.01025390625 0.01021505376344086
1 0.66015625 0.2293010752688172 0.009765625 0.008064516129032258
1 0.70849609375 0.23091397849462367 0.00732421875 0.00913978494623656
1 0.7437744140625 0.2698924731182796 0.005615234375 0.0064516129032258064
1 0.7694091796875 0.28279569892473116 0.006591796875 0.0064516129032258064
1 0.7926025390625 0.3018817204301075 0.003662109375 0.008064516129032258
1 0.822509765625 0.32365591397849464 0.00439453125 0.007526881720430108
1 0.832275390625 0.3349462365591398 0.00341796875 0.005376344086021506
3 0.314697265625 0.23306451612903226 0.00341796875 0.004838709677419355
3 0.3648681640625 0.21263440860215055 0.003173828125 0.005913978494623656
3 0.4224853515625 0.18629032258064515 0.004638671875 0.008064516129032258
3 0.5489501953125 0.19301075268817205 0.004638671875 0.007526881720430108
3 0.6060791015625 0.20161290322580644 0.003662109375 0.007526881720430108
3 0.6611328125 0.2161290322580645 0.0029296875 0.005376344086021506
3 0.74462890625 0.2623655913978495 0.001953125 0.005376344086021506
3 0.7698974609375 0.27580645161290324 0.002685546875 0.005376344086021506
3 0.793212890625 0.29596774193548386 0.001953125 0.003763440860215054
