0 0.13916015625 0.47446236559139787 0.1376953125 0.20913978494623656
0 0.2457275390625 0.27043010752688174 0.043212890625 0.08924731182795699
0 0.2784423828125 0.24973118279569892 0.050048828125 0.08763440860215053
0 0.3173828125 0.2295698924731183 0.0576171875 0.09462365591397849
0 0.3609619140625 0.21397849462365592 0.055419921875 0.08924731182795699
0 0.4132080078125 0.19704301075268818 0.057861328125 0.09516129032258064
0 0.46337890625 0.1913978494623656 0.04638671875 0.08172043010752689
0 0.5242919921875 0.1868279569892473 0.049072265625 0.09086021505376345
0 0.58349609375 0.19946236559139785 0.046875 0.08064516129032258
0 0.6328125 0.2120967741935484 0.0556640625 0.09193548387096774
0 0.73095703125 0.2599462365591398 0.03955078125 0.07795698924731183
0 0.7591552734375 0.2771505376344086 0.045654296875 0.08655913978494624
0 0.786865234375 0.2989247311827957 0.04150390625 0.08494623655913978
0 0.8094482421875 0.3172043010752688 0.026123046875 0.07204301075268817
0 0.825439453125 0.32688172043010755 0.04296875 0.09032258064516129
0 0.8834228515625 0.3873655913978495 0.029541015625 0.06505376344086021
0 0.86181640625 0.3634408602150538 0.03369140625 0.07096774193548387
1 0.2305908203125 0.3016129032258065 0.007080078125 0.00967741935483871
1 0.262451171875 0.27983870967741936 0.0087890625 0.008064516129032258
1 0.2994384765625 0.2610215053763441 0.010009765625 0.008064516129032258
1 0.3482666015625 0.2403225806451613 0.011962890625 0.00967741935483871
1 0.401123046875 0.22258064516129034 0.013671875 0.00967741935483871
1 0.4615478515625 0.21424731182795698 0.009033203125 0.01129032258064516
1 0.5289306640625 0.20967741935483872 0.014892578125 0.00967741935483871
1 0.5909423828125 0.21908602150537634 0.010986328125 0.008064516129032258
1 0.645263671875 0.23548387096774193 0.0126953125 0.010752688172043012
1 0.741943359375 0.2838709677419355 0.00732421875 0.007526881720430108
1 0.775146484375 0.30752688172043013 0.00634765625 0.008602150537634409
1 0.8173828125 0.3419354838709677 0.0048828125 0.005376344086021506
3 0.2298583984375 0.2913978494623656 0.002197265625 0.004301075268817204
3 0.2615966796875 0.2717741935483871 0.002685546875 0.003763440860215054
3 0.2991943359375 0.2508064516129032 0.002685546875 0.004838709677419355
3 0.34765625 0.22258064516129034 0.0029296875 0.004301075268817204
3 0.4613037109375 0.2032258064516129 0.004638671875 0.007526881720430108
3 0.52880859375 0.1989247311827957 0.00439453125 0.005376344086021506
3 0.646240234375 0.22473118279569892 0.00390625 0.0064516129032258064
3 0.7763671875 0.3010752688172043 0.00244140625 0.005376344086021506
3 0.80322265625 0.31989247311827956 0.00146484375 0.0032258064516129032
