0 0.34521484375 0.4075268817204301 0.134765625 0.23978494623655913
0 0.6026611328125 0.4013440860215054 0.140380859375 0.21666666666666667
0 0.701171875 0.40725806451612906 0.11572265625 0.18763440860215053
0 0.7979736328125 0.4258064516129032 0.081298828125 0.12903225806451613
1 0.315185546875 0.4314516129032258 0.0166015625 0.013440860215053764
1 0.6396484375 0.4303763440860215 0.0302734375 0.020967741935483872
1 0.8272705078125 0.48091397849462364 0.008056640625 0.00913978494623656
3 0.3126220703125 0.41317204301075267 0.006103515625 0.013440860215053764
3 0.6431884765625 0.40940860215053765 0.007080078125 0.015591397849462365
3 0.83251953125 0.4505376344086022 0.00341796875 0.011827956989247311
0 0.0826416015625 0.48440860215053766 0.065673828125 0.11290322580645161
0 0.0498046875 0.5040322580645161 0.033203125 0.06720430107526881
0 0.105712890625 0.4182795698924731 0.02880859375 0.03978494623655914
0 0.13330078125 0.40940860215053765 0.02783203125 0.0532258064516129
0 0.15576171875 0.392741935483871 0.0283203125 0.057526881720430106
0 0.166259765625 0.38629032258064516 0.0244140625 0.057526881720430106
0 0.1925048828125 0.37150537634408604 0.045654296875 0.06451612903225806
0 0.2403564453125 0.3389784946236559 0.048095703125 0.07043010752688172
0 0.294921875 0.3032258064516129 0.05615234375 0.1
0 0.329833984375 0.2884408602150538 0.0439453125 0.06075268817204301
0 0.372314453125 0.2706989247311828 0.04541015625 0.06075268817204301
0 0.4156494140625 0.24193548387096775 0.025146484375 0.041935483870967745
0 0.466064453125 0.26666666666666666 0.04248046875 0.08279569892473118
0 0.5133056640625 0.26908602150537636 0.042724609375 0.07365591397849462
0 0.5599365234375 0.26586021505376345 0.052490234375 0.08010752688172043
0 0.6065673828125 0.27661290322580645 0.050048828125 0.05967741935483871
0 0.6383056640625 0.28360215053763443 0.043212890625 0.06827956989247312
0 0.6746826171875 0.29516129032258065 0.049560546875 0.05806451612903226
0 0.7021484375 0.30591397849462365 0.0419921875 0.06236559139784946
0 0.7293701171875 0.3206989247311828 0.035888671875 0.05860215053763441
0 0.751708984375 0.325 0.05126953125 0.08118279569892473
1 0.222412109375 0.3629032258064516 0.0068359375 0.008602150537634409
1 0.278564453125 0.33763440860215055 0.005859375 0.008602150537634409
3 0.22216796875 0.3564516129032258 0.001953125 0.004301075268817204
3 0.2767333984375 0.31827956989247314 0.003662109375 0.008602150537634409
3 0.3641357421875 0.28655913978494624 0.003173828125 0.004301075268817204
3 0.4654541015625 0.27580645161290324 0.004638671875 0.010752688172043012
3 0.5181884765625 0.2776881720430108 0.004150390625 0.006989247311827957
1 0.412353515625 0.2513440860215054 0.00537109375 0.003763440860215054
1 0.4658203125 0.289247311827957 0.0078125 0.010752688172043012
1 0.5181884765625 0.28763440860215056 0.011962890625 0.008602150537634409
1 0.57177734375 0.289247311827957 0.00634765625 0.005376344086021506
1 0.650634765625 0.3043010752688172 0.005859375 0.005376344086021506
3 0.650634765625 0.29623655913978497 0.00244140625 0.004301075268817204
3 0.6922607421875 0.3150537634408602 0.002197265625 0.005376344086021506
3 0.71728515625 0.32231182795698926 0.001953125 0.003763440860215054
3 0.743896484375 0.3389784946236559 0.00146484375 0.003763440860215054
1 0.716552734375 0.328494623655914 0.0068359375 0.0064516129032258064
1 0.742919921875 0.3456989247311828 0.00537109375 0.005376344086021506
