0 0.35657894736842105 0.41812865497076024 0.26710526315789473 0.6388888888888888
0 0.890953947368421 0.41191520467836257 0.14046052631578948 0.25219298245614036
0 0.22861842105263158 0.19407894736842105 0.06513157894736842 0.09722222222222222
0 0.30296052631578946 0.13486842105263158 0.05855263157894737 0.10891812865497076
0 0.4075657894736842 0.05592105263157895 0.06447368421052632 0.08698830409356725
0 0.46726973684210527 0.04861111111111111 0.05690789473684211 0.08991228070175439
0 0.5386513157894737 0.0489766081871345 0.05361842105263158 0.0935672514619883
0 0.6057565789473685 0.0668859649122807 0.06151315789473684 0.08845029239766082
0 0.6634868421052632 0.0763888888888889 0.06578947368421052 0.09429824561403509
0 0.7225328947368421 0.17799707602339182 0.13125 0.1513157894736842
0 0.8393092105263158 0.23940058479532164 0.03388157894736842 0.07967836257309942
0 0.7986842105263158 0.18567251461988304 0.025657894736842105 0.09210526315789473
0 0.8161184210526315 0.20577485380116958 0.025 0.07529239766081872
0 0.8526315789473684 0.2448830409356725 0.034868421052631576 0.09649122807017543
1 0.3243421052631579 0.7039473684210527 0.04736842105263158 0.049707602339181284
3 0.29539473684210527 0.5818713450292398 0.02894736842105263 0.021929824561403508
