0 0.6574013157894737 0.577485380116959 0.2832236842105263 0.6798245614035088
0 0.7995065789473684 0.48830409356725146 0.22006578947368421 0.3669590643274854
0 0.16661184210526317 0.5431286549707602 0.16217105263157894 0.25292397660818716
1 0.7425986842105263 0.8326023391812866 0.06677631578947368 0.07017543859649122
1 0.8924342105263158 0.5431286549707602 0.017105263157894738 0.023391812865497075
3 0.7476973684210526 0.7587719298245614 0.03289473684210526 0.04678362573099415
0 0.08273026315789474 0.554093567251462 0.07203947368421053 0.14181286549707603
0 0.05032894736842105 0.5676169590643275 0.06381578947368421 0.13084795321637427
0 0.20328947368421052 0.3925438596491228 0.07960526315789473 0.09210526315789473
0 0.15476973684210527 0.4097222222222222 0.01875 0.0445906432748538
0 0.13700657894736842 0.4141081871345029 0.019407894736842107 0.031432748538011694
0 0.2565789473684211 0.339546783625731 0.04078947368421053 0.08845029239766082
0 0.23667763157894736 0.3347953216374269 0.03519736842105263 0.04824561403508772
0 0.3325657894736842 0.31359649122807015 0.125 0.14619883040935672
0 0.4018092105263158 0.2591374269005848 0.05493421052631579 0.09137426900584796
0 0.45608552631578947 0.24269005847953215 0.04901315789473684 0.10087719298245613
0 0.5197368421052632 0.22185672514619884 0.05855263157894737 0.09576023391812866
0 0.5792763157894737 0.20869883040935672 0.0625 0.06798245614035088
0 0.6299342105263158 0.22478070175438597 0.05855263157894737 0.07383040935672515
0 0.6776315789473685 0.23501461988304093 0.05986842105263158 0.08552631578947369
0 0.7213815789473684 0.2463450292397661 0.06118421052631579 0.09064327485380116
0 0.7572368421052632 0.25621345029239767 0.05526315789473684 0.08845029239766082
0 0.8210526315789474 0.2817982456140351 0.025 0.029970760233918127
0 0.8368421052631579 0.29641812865497075 0.018421052631578946 0.03289473684210526
0 0.8601973684210527 0.31542397660818716 0.017763157894736842 0.029970760233918127
0 0.8837171052631579 0.3406432748538012 0.02401315789473684 0.04093567251461988
0 0.9157894736842105 0.37317251461988304 0.02763157894736842 0.03874269005847953
0 0.8995065789473684 0.3516081871345029 0.012171052631578947 0.03216374269005848
0 0.7690789473684211 0.24232456140350878 0.014473684210526316 0.027046783625730993
0 0.8957236842105263 0.4656432748538012 0.11578947368421053 0.24707602339181287
0 0.9379934210526316 0.4473684210526316 0.062171052631578946 0.13742690058479531
0 0.3695723684210526 0.22697368421052633 0.020723684210526314 0.02412280701754386
0 0.4220394736842105 0.22551169590643275 0.03289473684210526 0.06505847953216375
1 0.45361842105263156 0.2646198830409357 0.015131578947368421 0.013157894736842105
3 0.4529605263157895 0.24853801169590642 0.003947368421052632 0.005847953216374269
