0 0.350341796875 0.4026881720430108 0.13623046875 0.24838709677419354
0 0.48291015625 0.39731182795698927 0.10888671875 0.2817204301075269
0 0.6134033203125 0.3889784946236559 0.163330078125 0.28655913978494624
1 0.32080078125 0.4373655913978495 0.03173828125 0.026344086021505377
1 0.6531982421875 0.4217741935483871 0.020751953125 0.03064516129032258
3 0.6575927734375 0.39543010752688174 0.009033203125 0.016666666666666666
0 0.0787353515625 0.4970430107526882 0.064208984375 0.08333333333333333
0 0.7274169921875 0.410752688172043 0.077392578125 0.1924731182795699
0 0.764892578125 0.42016129032258065 0.0751953125 0.15645161290322582
0 0.7525634765625 0.32983870967741935 0.036865234375 0.05860215053763441
0 0.7266845703125 0.31451612903225806 0.036376953125 0.05698924731182796
0 0.70166015625 0.3045698924731183 0.0419921875 0.06397849462365592
0 0.4322509765625 0.2900537634408602 0.066162109375 0.12096774193548387
0 0.37255859375 0.27123655913978495 0.0458984375 0.06290322580645161
0 0.330322265625 0.2870967741935484 0.044921875 0.05591397849462366
0 0.2935791015625 0.3094086021505376 0.048095703125 0.08225806451612903
0 0.2734375 0.29623655913978497 0.02685546875 0.035483870967741936
0 0.2454833984375 0.35833333333333334 0.046630859375 0.08870967741935484
0 0.2386474609375 0.3443548387096774 0.055419921875 0.07580645161290323
0 0.206787109375 0.3586021505376344 0.0390625 0.07204301075268817
0 0.17724609375 0.37688172043010754 0.0400390625 0.06774193548387097
0 0.15478515625 0.3935483870967742 0.0263671875 0.05698924731182796
0 0.1484375 0.3946236559139785 0.04052734375 0.07849462365591398
0 0.111083984375 0.4260752688172043 0.0234375 0.0478494623655914
1 0.7479248046875 0.44946236559139785 0.015869140625 0.017204301075268817
3 0.752197265625 0.43010752688172044 0.00390625 0.010752688172043012
1 0.716552734375 0.3295698924731183 0.00634765625 0.007526881720430108
1 0.739501953125 0.33978494623655914 0.00439453125 0.004301075268817204
3 0.7664794921875 0.34919354838709676 0.001708984375 0.004838709677419355
3 0.73974609375 0.3336021505376344 0.00146484375 0.003763440860215054
3 0.7171630859375 0.3228494623655914 0.002197265625 0.004838709677419355
1 0.27978515625 0.3338709677419355 0.00830078125 0.007526881720430108
1 0.2469482421875 0.37150537634408604 0.010009765625 0.010752688172043012
1 0.1925048828125 0.38467741935483873 0.005126953125 0.005913978494623656
1 0.15966796875 0.3989247311827957 0.00341796875 0.005376344086021506
3 0.2457275390625 0.36370967741935484 0.003662109375 0.005913978494623656
3 0.2786865234375 0.3204301075268817 0.002685546875 0.005376344086021506
