0 0.823974609375 0.4588709677419355 0.10791015625 0.14677419354838708
0 0.2366943359375 0.403494623655914 0.133544921875 0.17150537634408602
0 0.172119140625 0.42016129032258065 0.076171875 0.1596774193548387
0 0.1400146484375 0.4327956989247312 0.058837890625 0.12365591397849462
0 0.09619140625 0.442741935483871 0.03466796875 0.08118279569892473
0 0.04736328125 0.46720430107526884 0.01708984375 0.03225806451612903
0 0.8829345703125 0.4798387096774194 0.042724609375 0.10268817204301076
0 0.79638671875 0.36774193548387096 0.03662109375 0.04516129032258064
0 0.7655029296875 0.3470430107526882 0.036865234375 0.07580645161290323
0 0.7381591796875 0.3295698924731183 0.033935546875 0.07741935483870968
0 0.7135009765625 0.31693548387096776 0.045166015625 0.08333333333333333
0 0.682861328125 0.2991935483870968 0.04248046875 0.08225806451612903
0 0.6485595703125 0.2846774193548387 0.049072265625 0.08763440860215053
0 0.6065673828125 0.2763440860215054 0.050048828125 0.07526881720430108
0 0.5633544921875 0.2591397849462366 0.040771484375 0.08279569892473118
0 0.513916015625 0.25188172043010754 0.033203125 0.07580645161290323
0 0.468505859375 0.25188172043010754 0.0400390625 0.07580645161290323
0 0.422607421875 0.2540322580645161 0.04638671875 0.07473118279569893
0 0.377685546875 0.26021505376344084 0.0458984375 0.07526881720430108
0 0.3388671875 0.2696236559139785 0.04638671875 0.07365591397849462
0 0.30810546875 0.278494623655914 0.041015625 0.07311827956989247
0 0.2777099609375 0.28978494623655915 0.040283203125 0.06451612903225806
0 0.25244140625 0.2884408602150538 0.03955078125 0.07043010752688172
0 0.228515625 0.3045698924731183 0.0439453125 0.07580645161290323
0 0.17333984375 0.35591397849462364 0.0498046875 0.04408602150537634
0 0.111328125 0.39408602150537636 0.01904296875 0.030107526881720432
1 0.1156005859375 0.46881720430107526 0.006103515625 0.00967741935483871
1 0.14404296875 0.46263440860215055 0.0078125 0.01021505376344086
1 0.180419921875 0.44408602150537635 0.01025390625 0.013978494623655914
3 0.177978515625 0.43091397849462365 0.00341796875 0.008064516129032258
1 0.778564453125 0.3725806451612903 0.00537109375 0.0064516129032258064
1 0.7508544921875 0.35295698924731184 0.006103515625 0.006989247311827957
1 0.7288818359375 0.34301075268817205 0.006103515625 0.0064516129032258064
1 0.6954345703125 0.32231182795698926 0.008544921875 0.00913978494623656
1 0.6607666015625 0.3139784946236559 0.008056640625 0.0064516129032258064
1 0.6173095703125 0.29973118279569894 0.010009765625 0.008064516129032258
1 0.566650390625 0.2803763440860215 0.0087890625 0.005913978494623656
1 0.5191650390625 0.27446236559139786 0.010009765625 0.006989247311827957
1 0.4654541015625 0.2698924731182796 0.010986328125 0.0064516129032258064
1 0.4127197265625 0.27446236559139786 0.010986328125 0.008064516129032258
1 0.3251953125 0.2911290322580645 0.005859375 0.01021505376344086
1 0.2935791015625 0.3018817204301075 0.006103515625 0.008064516129032258
1 0.2635498046875 0.31155913978494626 0.006591796875 0.006989247311827957
1 0.237548828125 0.3172043010752688 0.0048828125 0.005376344086021506
3 0.7791748046875 0.36451612903225805 0.002197265625 0.0064516129032258064
3 0.7520751953125 0.3446236559139785 0.001708984375 0.005376344086021506
3 0.7293701171875 0.3365591397849462 0.002197265625 0.005376344086021506
3 0.6961669921875 0.3118279569892473 0.001708984375 0.004301075268817204
3 0.6180419921875 0.2900537634408602 0.004150390625 0.00913978494623656
3 0.5670166015625 0.26586021505376345 0.003662109375 0.008064516129032258
3 0.4656982421875 0.2591397849462366 0.002685546875 0.005376344086021506
3 0.412841796875 0.26048387096774195 0.00341796875 0.006989247311827957
3 0.2630615234375 0.3043010752688172 0.002197265625 0.004301075268817204
3 0.236572265625 0.31209677419354837 0.0009765625 0.002688172043010753
