0 0.3282894736842105 0.6374269005847953 0.30526315789473685 0.7207602339181286
0 0.780921052631579 0.4824561403508772 0.24013157894736842 0.3786549707602339
0 0.5671052631578948 0.2605994152046784 0.11973684210526316 0.11769005847953216
0 0.8921052631578947 0.5226608187134503 0.0059210526315789476 0.019005847953216373
0 0.1763157894736842 0.5942982456140351 0.16776315789473684 0.39473684210526316
0 0.13486842105263158 0.5387426900584795 0.10526315789473684 0.21783625730994152
0 0.08125 0.5778508771929824 0.07763157894736843 0.18932748538011696
0 0.18421052631578946 0.39035087719298245 0.029605263157894735 0.07309941520467836
0 0.20789473684210527 0.3717105263157895 0.039473684210526314 0.07821637426900585
0 0.23092105263157894 0.358187134502924 0.049342105263157895 0.08625730994152046
0 0.26398026315789475 0.33187134502923976 0.044407894736842105 0.0847953216374269
0 0.34671052631578947 0.302266081871345 0.12631578947368421 0.11476608187134503
0 0.45707236842105264 0.2364766081871345 0.047697368421052634 0.1074561403508772
0 0.6320723684210526 0.23318713450292397 0.05361842105263158 0.0847953216374269
0 0.6759868421052632 0.23464912280701755 0.05855263157894737 0.08771929824561403
0 0.7210526315789474 0.24853801169590642 0.05921052631578947 0.09210526315789473
0 0.7585526315789474 0.25840643274853803 0.034868421052631576 0.07529239766081872
1 0.2565789473684211 0.8739035087719298 0.06842105263157895 0.0533625730994152
1 0.8730263157894737 0.618421052631579 0.021052631578947368 0.039473684210526314
1 0.4567434210526316 0.26242690058479534 0.014144736842105264 0.013157894736842105
1 0.6463815789473685 0.2547514619883041 0.011842105263157895 0.010964912280701754
1 0.6960526315789474 0.26169590643274854 0.013157894736842105 0.011695906432748537
3 0.22730263157894737 0.8212719298245614 0.02236842105263158 0.041666666666666664
3 0.6957236842105263 0.24707602339181287 0.002631578947368421 0.007309941520467836
3 0.6457236842105263 0.24342105263157895 0.0059210526315789476 0.008771929824561403
3 0.4544407894736842 0.2452485380116959 0.005592105263157895 0.009502923976608187
0 0.14407894736842106 0.4506578947368421 0.05855263157894737 0.07090643274853801
0 0.4018092105263158 0.24451754385964913 0.05230263157894737 0.06798245614035088
0 0.36990131578947366 0.2320906432748538 0.019407894736842107 0.03435672514619883
0 0.42483552631578947 0.23062865497076024 0.023355263157894737 0.05482456140350877
0 0.5131578947368421 0.23574561403508773 0.04078947368421053 0.09137426900584796
0 0.5807565789473684 0.21198830409356725 0.054276315789473686 0.059941520467836254
0 0.5949013157894737 0.1926169590643275 0.03453947368421053 0.0402046783625731
0 0.8847039473684211 0.3369883040935672 0.019407894736842107 0.024853801169590642
0 0.8601973684210527 0.31505847953216376 0.017105263157894738 0.027777777777777776
0 0.8708881578947368 0.3190789473684211 0.013486842105263158 0.029970760233918127
0 0.9080592105263158 0.3578216374269006 0.026644736842105263 0.03435672514619883
