0 0.6748046875 0.421505376344086 0.19580078125 0.35268817204301073
0 0.5 0.3935483870967742 0.15478515625 0.36129032258064514
0 0.289794921875 0.46478494623655914 0.2431640625 0.46182795698924733
1 0.210205078125 0.5838709677419355 0.03515625 0.03763440860215054
1 0.5006103515625 0.5556451612903226 0.031494140625 0.017741935483870968
1 0.7213134765625 0.5720430107526882 0.037841796875 0.034408602150537634
3 0.2012939453125 0.5543010752688172 0.006591796875 0.01827956989247312
3 0.5008544921875 0.43306451612903224 0.011474609375 0.024193548387096774
3 0.7381591796875 0.48198924731182796 0.009521484375 0.01881720430107527
0 0.163330078125 0.48198924731182796 0.1142578125 0.29731182795698924
0 0.11962890625 0.4959677419354839 0.078125 0.22634408602150538
0 0.16064453125 0.3521505376344086 0.05078125 0.06344086021505377
0 0.28125 0.21666666666666667 0.041015625 0.05161290322580645
0 0.330810546875 0.20725806451612902 0.056640625 0.08010752688172043
0 0.3780517578125 0.19408602150537635 0.054931640625 0.08387096774193549
0 0.427978515625 0.1817204301075269 0.04931640625 0.0913978494623656
0 0.4876708984375 0.1760752688172043 0.039794921875 0.08010752688172043
0 0.541748046875 0.17876344086021506 0.04833984375 0.08225806451612903
0 0.5953369140625 0.1870967741935484 0.054931640625 0.08817204301075268
0 0.6458740234375 0.2010752688172043 0.056884765625 0.09032258064516129
0 0.6845703125 0.2161290322580645 0.04833984375 0.08494623655913978
0 0.7188720703125 0.23091397849462367 0.044677734375 0.08548387096774193
0 0.7537841796875 0.2537634408602151 0.041259765625 0.07741935483870968
0 0.7862548828125 0.2814516129032258 0.030029296875 0.07473118279569893
0 0.8016357421875 0.2916666666666667 0.043212890625 0.08978494623655914
0 0.8170166015625 0.2991935483870968 0.044189453125 0.09946236559139784
0 0.84033203125 0.32123655913978494 0.029296875 0.08010752688172043
1 0.1221923828125 0.5709677419354838 0.012939453125 0.01827956989247312
1 0.3134765625 0.24059139784946237 0.009765625 0.005913978494623656
1 0.366455078125 0.2217741935483871 0.0126953125 0.01021505376344086
1 0.42138671875 0.20403225806451614 0.013671875 0.008064516129032258
1 0.4892578125 0.19704301075268818 0.01171875 0.00913978494623656
1 0.5469970703125 0.2032258064516129 0.012451171875 0.007526881720430108
1 0.607666015625 0.2120967741935484 0.0078125 0.01021505376344086
1 0.66162109375 0.2271505376344086 0.00927734375 0.008064516129032258
1 0.6983642578125 0.24193548387096775 0.009521484375 0.010752688172043012
1 0.7330322265625 0.2610215053763441 0.005126953125 0.01021505376344086
1 0.7642822265625 0.2779569892473118 0.007080078125 0.00967741935483871
1 0.8193359375 0.32365591397849464 0.00341796875 0.0064516129032258064
3 0.31298828125 0.23306451612903226 0.0029296875 0.005913978494623656
3 0.3656005859375 0.21129032258064517 0.003662109375 0.0064516129032258064
3 0.4208984375 0.19301075268817205 0.00439453125 0.007526881720430108
3 0.6083984375 0.19973118279569893 0.00390625 0.006989247311827957
3 0.5472412109375 0.19274193548387097 0.002197265625 0.004838709677419355
3 0.7335205078125 0.25268817204301075 0.002685546875 0.005376344086021506
3 0.7672119140625 0.2564516129032258 0.001708984375 0.004301075268817204
3 0.820068359375 0.31693548387096776 0.00146484375 0.003763440860215054
3 0.7977294921875 0.2989247311827957 0.001220703125 0.0032258064516129032
1 0.797119140625 0.30591397849462365 0.00341796875 0.005376344086021506
1 0.8350830078125 0.33682795698924733 0.002197265625 0.005913978494623656
1 0.8511962890625 0.3532258064516129 0.001708984375 0.005376344086021506
