0 0.34407894736842104 0.410453216374269 0.2532894736842105 0.6366959064327485
0 0.15625 0.39144736842105265 0.18157894736842106 0.41739766081871343
0 0.6529605263157895 0.4155701754385965 0.2967105263157895 0.6703216374269005
1 0.31759868421052634 0.7057748538011696 0.07467105263157894 0.0489766081871345
1 0.702796052631579 0.6849415204678363 0.07335526315789474 0.06432748538011696
3 0.28207236842105265 0.5628654970760234 0.03914473684210526 0.019005847953216373
3 0.7269736842105263 0.5847953216374269 0.10328947368421053 0.04239766081871345
0 0.06661184210526316 0.46381578947368424 0.05625 0.179093567251462
0 0.04243421052631579 0.48793859649122806 0.030263157894736843 0.1206140350877193
0 0.023848684210526317 0.49488304093567254 0.03453947368421053 0.09210526315789473
0 0.11266447368421052 0.32456140350877194 0.027960526315789474 0.07017543859649122
0 0.10115131578947369 0.3391812865497076 0.02730263157894737 0.07748538011695906
0 0.24983552631578948 0.15533625730994152 0.06151315789473684 0.11769005847953216
0 0.29292763157894736 0.11951754385964912 0.048355263157894735 0.10014619883040936
0 0.3383223684210526 0.09173976608187134 0.06611842105263158 0.11476608187134503
0 0.3960526315789474 0.07017543859649122 0.06381578947368421 0.1023391812865497
0 0.46036184210526315 0.055190058479532164 0.054276315789473686 0.09576023391812866
0 0.4243421052631579 0.03399122807017544 0.0375 0.06359649122807018
0 0.5231907894736842 0.04861111111111111 0.05625 0.09429824561403509
0 0.5904605263157895 0.051900584795321635 0.06315789473684211 0.07602339181286549
0 0.6458881578947369 0.07748538011695906 0.058223684210526316 0.08771929824561403
0 0.6972039473684211 0.11732456140350878 0.062171052631578946 0.10599415204678363
0 0.7401315789473685 0.14071637426900585 0.056578947368421055 0.09576023391812866
0 0.7776315789473685 0.18092105263157895 0.034868421052631576 0.08698830409356725
0 0.8 0.20358187134502925 0.04013157894736842 0.09137426900584796
0 0.8263157894736842 0.22112573099415206 0.04013157894736842 0.07383040935672515
0 0.7995065789473684 0.3929093567251462 0.15625 0.40423976608187134
0 0.8685855263157894 0.41776315789473684 0.11019736842105263 0.2887426900584795
