0 0.2293701171875 0.478494623655914 0.240966796875 0.36236559139784946
0 0.7117919921875 0.503494623655914 0.255615234375 0.5155913978494624
0 0.8734130859375 0.48870967741935484 0.118896484375 0.23010752688172043
0 0.9061279296875 0.47795698924731184 0.072021484375 0.16129032258064516
0 0.2825927734375 0.28198924731182795 0.034423828125 0.057526881720430106
0 0.304443359375 0.2747311827956989 0.04443359375 0.08064516129032258
0 0.3494873046875 0.25 0.066162109375 0.10752688172043011
0 0.4000244140625 0.23387096774193547 0.059326171875 0.1
0 0.4503173828125 0.22580645161290322 0.057861328125 0.09032258064516129
0 0.505615234375 0.22016129032258064 0.0419921875 0.08225806451612903
0 0.5654296875 0.22473118279569892 0.03759765625 0.08924731182795699
0 0.6143798828125 0.2239247311827957 0.058349609375 0.08333333333333333
0 0.668212890625 0.2239247311827957 0.06494140625 0.07688172043010753
0 0.7410888671875 0.27903225806451615 0.057861328125 0.07634408602150537
0 0.7757568359375 0.29838709677419356 0.052001953125 0.09462365591397849
0 0.8065185546875 0.3225806451612903 0.031494140625 0.07311827956989247
0 0.864990234375 0.3709677419354839 0.0419921875 0.05913978494623656
1 0.79150390625 0.6225806451612903 0.03466796875 0.043010752688172046
1 0.1336669921875 0.5717741935483871 0.008544921875 0.025268817204301075
3 0.8057861328125 0.5782258064516129 0.010009765625 0.02204301075268817
3 0.1251220703125 0.5411290322580645 0.003173828125 0.013440860215053764
1 0.2911376953125 0.30591397849462365 0.007568359375 0.00967741935483871
1 0.32958984375 0.28655913978494624 0.00732421875 0.010752688172043012
1 0.3848876953125 0.2577956989247312 0.011962890625 0.01129032258064516
1 0.4400634765625 0.24596774193548387 0.010009765625 0.006989247311827957
1 0.5048828125 0.24220430107526883 0.009765625 0.01129032258064516
3 0.4395751953125 0.2346774193548387 0.004150390625 0.006989247311827957
3 0.5042724609375 0.23333333333333334 0.004150390625 0.0064516129032258064
3 0.5648193359375 0.22876344086021505 0.003662109375 0.00913978494623656
1 0.564453125 0.24220430107526883 0.01171875 0.008064516129032258
1 0.6234130859375 0.2456989247311828 0.012451171875 0.008602150537634409
1 0.7933349609375 0.3317204301075269 0.004150390625 0.005376344086021506
1 0.8170166015625 0.3478494623655914 0.004150390625 0.005376344086021506
3 0.817626953125 0.3416666666666667 0.001953125 0.005913978494623656
