0 0.3080592105263158 0.4466374269005848 0.3042763157894737 0.6973684210526315
0 0.5891447368421052 0.22587719298245615 0.16447368421052633 0.3026315789473684
0 0.7710526315789473 0.3757309941520468 0.22763157894736843 0.4108187134502924
0 0.5217105263157895 0.025950292397660817 0.18355263157894736 0.0021929824561403508
1 0.24917763157894737 0.7054093567251462 0.07269736842105264 0.06432748538011696
1 0.6101973684210527 0.28289473684210525 0.04736842105263158 0.03508771929824561
3 0.20855263157894738 0.6008771929824561 0.02236842105263158 0.03216374269005848
3 0.6154605263157895 0.23793859649122806 0.01381578947368421 0.012426900584795321
0 0.7396381578947369 0.1425438596491228 0.04506578947368421 0.0891812865497076
0 0.6986842105263158 0.11440058479532164 0.060526315789473685 0.10160818713450293
0 0.6452302631578948 0.07858187134502924 0.06743421052631579 0.10599415204678363
0 0.5835526315789473 0.05007309941520468 0.07434210526315789 0.08991228070175439
0 0.4998355263157895 0.0847953216374269 0.1424342105263158 0.1286549707602339
0 0.38141447368421055 0.06871345029239766 0.058223684210526316 0.0847953216374269
0 0.3248355263157895 0.0939327485380117 0.06414473684210527 0.10891812865497076
0 0.2736842105263158 0.14181286549707603 0.053289473684210525 0.1023391812865497
0 0.2393092105263158 0.16739766081871346 0.04703947368421053 0.097953216374269
0 0.2042763157894737 0.2054093567251462 0.04342105263157895 0.10087719298245613
0 0.17598684210526316 0.23062865497076024 0.03881578947368421 0.08114035087719298
0 0.1567434210526316 0.24817251461988304 0.027960526315789474 0.05043859649122807
0 0.16924342105263157 0.4137426900584795 0.13914473684210527 0.3991228070175439
0 0.11282894736842106 0.43530701754385964 0.09473684210526316 0.27997076023391815
0 0.11480263157894736 0.3797514619883041 0.13289473684210526 0.23318713450292397
0 0.055592105263157894 0.48903508771929827 0.02894736842105263 0.10526315789473684
0 0.04029605263157895 0.4857456140350877 0.02598684210526316 0.1118421052631579
0 0.015789473684210527 0.5508040935672515 0.025657894736842105 0.0489766081871345
0 0.41217105263157894 0.03326023391812866 0.04144736842105263 0.0577485380116959
0 0.4449013157894737 0.03033625730994152 0.0430921052631579 0.04312865497076023
0 0.4631578947368421 0.010964912280701754 0.03684210526315789 0.021929824561403508
0 0.5118421052631579 0.01206140350877193 0.03223684210526316 0.02266081871345029
0 0.5342105263157895 0.01644736842105263 0.021710526315789475 0.03289473684210526
0 0.5478618421052631 0.03252923976608187 0.02006578947368421 0.0489766081871345
