0 0.471923828125 0.5161290322580645 0.2109375 0.5483870967741935
0 0.6900634765625 0.4924731182795699 0.236083984375 0.44408602150537635
0 0.2864990234375 0.49435483870967745 0.230224609375 0.43709677419354837
1 0.7718505859375 0.5973118279569892 0.026611328125 0.02903225806451613
1 0.465087890625 0.6682795698924732 0.080078125 0.047311827956989246
1 0.20947265625 0.6120967741935484 0.03564453125 0.03494623655913978
3 0.783203125 0.567741935483871 0.0078125 0.021505376344086023
3 0.4654541015625 0.6236559139784946 0.017333984375 0.024731182795698924
3 0.20361328125 0.5943548387096774 0.0341796875 0.015591397849462365
0 0.1658935546875 0.49973118279569895 0.129638671875 0.30376344086021506
0 0.1212158203125 0.49274193548387096 0.077880859375 0.20053763440860214
0 0.2100830078125 0.3209677419354839 0.068115234375 0.1032258064516129
0 0.2904052734375 0.20376344086021506 0.034912109375 0.05161290322580645
0 0.331298828125 0.2172043010752688 0.04833984375 0.08924731182795699
0 0.3739013671875 0.20376344086021506 0.058349609375 0.0935483870967742
0 0.4287109375 0.18198924731182795 0.056640625 0.09946236559139784
0 0.5450439453125 0.17768817204301074 0.048095703125 0.08763440860215053
0 0.5965576171875 0.18844086021505377 0.049560546875 0.08978494623655914
0 0.6455078125 0.20483870967741935 0.0556640625 0.08709677419354839
0 0.68896484375 0.2217741935483871 0.0546875 0.09193548387096774
0 0.7288818359375 0.24220430107526883 0.050048828125 0.08870967741935484
0 0.7552490234375 0.25725806451612904 0.041748046875 0.08440860215053764
0 0.796875 0.29059139784946236 0.04150390625 0.08118279569892473
0 0.82421875 0.3139784946236559 0.0263671875 0.06236559139784946
0 0.8358154296875 0.32365591397849464 0.029541015625 0.06989247311827956
1 0.096923828125 0.5779569892473119 0.00732421875 0.015053763440860216
3 0.111572265625 0.5766129032258065 0.00341796875 0.01021505376344086
1 0.318603515625 0.24381720430107526 0.0078125 0.008064516129032258
1 0.360595703125 0.23279569892473118 0.01123046875 0.011827956989247311
1 0.4200439453125 0.2064516129032258 0.010498046875 0.008602150537634409
1 0.55078125 0.19973118279569893 0.013671875 0.01021505376344086
1 0.6031494140625 0.2075268817204301 0.011962890625 0.008602150537634409
1 0.6605224609375 0.22795698924731184 0.006591796875 0.0064516129032258064
1 0.7069091796875 0.24623655913978496 0.009033203125 0.00967741935483871
1 0.7449951171875 0.2739247311827957 0.006103515625 0.008064516129032258
1 0.7703857421875 0.28521505376344086 0.006591796875 0.00913978494623656
3 0.7459716796875 0.26370967741935486 0.002197265625 0.005913978494623656
3 0.7073974609375 0.23790322580645162 0.002685546875 0.004838709677419355
3 0.66162109375 0.2196236559139785 0.00341796875 0.006989247311827957
3 0.6033935546875 0.1989247311827957 0.004638671875 0.005376344086021506
3 0.551513671875 0.18870967741935485 0.00439453125 0.007526881720430108
3 0.41943359375 0.1881720430107527 0.00390625 0.007526881720430108
3 0.35986328125 0.22096774193548388 0.00439453125 0.00967741935483871
3 0.224365234375 0.2986559139784946 0.00341796875 0.004838709677419355
1 0.229736328125 0.32661290322580644 0.01220703125 0.014516129032258065
