0 0.6041118421052631 0.6111111111111112 0.37006578947368424 0.6228070175438597
0 0.7832236842105263 0.4824561403508772 0.25394736842105264 0.4137426900584795
0 0.09095394736842105 0.5614035087719298 0.1174342105263158 0.16666666666666666
1 0.7179276315789473 0.7730263157894737 0.07335526315789474 0.09576023391812866
0 0.15592105263157896 0.44627192982456143 0.06315789473684211 0.08114035087719298
0 0.1830592105263158 0.3855994152046784 0.03980263157894737 0.07090643274853801
0 0.20148026315789475 0.38084795321637427 0.04111842105263158 0.0847953216374269
0 0.2243421052631579 0.3644005847953216 0.04802631578947368 0.09137426900584796
0 0.2618421052631579 0.3344298245614035 0.049342105263157895 0.09868421052631579
0 0.29901315789473687 0.31396198830409355 0.057236842105263155 0.09576023391812866
0 0.3925986842105263 0.2887426900584795 0.13519736842105262 0.12134502923976608
0 0.45723684210526316 0.23793859649122806 0.04736842105263158 0.08552631578947369
0 0.5185855263157895 0.23355263157894737 0.048355263157894735 0.08698830409356725
0 0.5819078947368421 0.22880116959064328 0.05592105263157895 0.08771929824561403
0 0.6365131578947368 0.2277046783625731 0.0625 0.09137426900584796
0 0.6825657894736842 0.23866959064327486 0.056578947368421055 0.08260233918128655
0 0.7215460526315789 0.24049707602339182 0.062171052631578946 0.08187134502923976
0 0.7577302631578947 0.2543859649122807 0.054276315789473686 0.07456140350877193
0 0.7666118421052631 0.241593567251462 0.02006578947368421 0.031432748538011694
0 0.8610197368421053 0.31432748538011696 0.02006578947368421 0.033625730994152045
0 0.8825657894736842 0.3391812865497076 0.02368421052631579 0.039473684210526314
0 0.8985197368421053 0.34868421052631576 0.010197368421052632 0.03216374269005848
0 0.8988486842105263 0.4678362573099415 0.09243421052631579 0.24415204678362573
0 0.9194078947368421 0.4510233918128655 0.06973684210526315 0.1695906432748538
0 0.9483552631578948 0.45760233918128657 0.05789473684210526 0.14619883040935672
