0 0.826171875 0.45806451612903226 0.10205078125 0.14516129032258066
0 0.23681640625 0.40483870967741936 0.13330078125 0.17419354838709677
0 0.171142578125 0.4204301075268817 0.076171875 0.15698924731182795
0 0.1466064453125 0.4239247311827957 0.064208984375 0.13172043010752688
0 0.0970458984375 0.44193548387096776 0.037353515625 0.08279569892473118
0 0.228759765625 0.3045698924731183 0.04443359375 0.07580645161290323
0 0.1236572265625 0.43252688172043013 0.047119140625 0.10483870967741936
0 0.8831787109375 0.4889784946236559 0.019287109375 0.08333333333333333
0 0.2557373046875 0.2849462365591398 0.044677734375 0.06666666666666667
0 0.2774658203125 0.2879032258064516 0.040771484375 0.06505376344086021
0 0.3055419921875 0.28225806451612906 0.045654296875 0.06774193548387097
0 0.3402099609375 0.2706989247311828 0.047119140625 0.07258064516129033
0 0.378173828125 0.2610215053763441 0.0478515625 0.07365591397849462
0 0.4227294921875 0.25483870967741934 0.047607421875 0.07526881720430108
0 0.4688720703125 0.2513440860215054 0.040283203125 0.07580645161290323
0 0.5137939453125 0.2510752688172043 0.033935546875 0.07526881720430108
0 0.5628662109375 0.2577956989247312 0.041259765625 0.08655913978494624
0 0.606201171875 0.27661290322580645 0.05029296875 0.07688172043010753
0 0.6484375 0.2849462365591398 0.048828125 0.08709677419354839
0 0.6826171875 0.2991935483870968 0.0439453125 0.08118279569892473
0 0.7125244140625 0.3155913978494624 0.046142578125 0.08387096774193549
0 0.736083984375 0.328494623655914 0.0380859375 0.07849462365591398
0 0.7626953125 0.3435483870967742 0.03857421875 0.07741935483870968
0 0.7835693359375 0.35940860215053766 0.029052734375 0.06397849462365592
1 0.1810302734375 0.44489247311827956 0.011962890625 0.017741935483870968
1 0.144287109375 0.46344086021505376 0.0078125 0.010752688172043012
1 0.1207275390625 0.4567204301075269 0.004150390625 0.01129032258064516
1 0.10302734375 0.46021505376344085 0.00341796875 0.007526881720430108
3 0.1783447265625 0.4314516129032258 0.003173828125 0.008064516129032258
3 0.140869140625 0.4491935483870968 0.001953125 0.006989247311827957
0 0.883056640625 0.4803763440860215 0.04296875 0.10376344086021505
1 0.6954345703125 0.3217741935483871 0.008544921875 0.00913978494623656
1 0.728515625 0.34301075268817205 0.00634765625 0.005376344086021506
1 0.7508544921875 0.35295698924731184 0.006103515625 0.008064516129032258
1 0.777587890625 0.3688172043010753 0.00439453125 0.0064516129032258064
1 0.794189453125 0.38306451612903225 0.00390625 0.004838709677419355
1 0.566162109375 0.28118279569892474 0.00927734375 0.0064516129032258064
1 0.616943359375 0.29973118279569894 0.01025390625 0.008064516129032258
1 0.66064453125 0.31370967741935485 0.0078125 0.008064516129032258
1 0.41259765625 0.27446236559139786 0.0107421875 0.008064516129032258
1 0.4656982421875 0.2706989247311828 0.011474609375 0.008064516129032258
1 0.5189208984375 0.27446236559139786 0.010009765625 0.008064516129032258
1 0.290283203125 0.30376344086021506 0.0068359375 0.007526881720430108
1 0.324951171875 0.2922043010752688 0.005859375 0.008064516129032258
1 0.3671875 0.278494623655914 0.00634765625 0.005376344086021506
1 0.2635498046875 0.31155913978494626 0.007080078125 0.006989247311827957
3 0.79443359375 0.37768817204301075 0.00146484375 0.002688172043010753
3 0.7783203125 0.35940860215053766 0.00146484375 0.003763440860215054
3 0.7518310546875 0.34408602150537637 0.002197265625 0.005376344086021506
3 0.7291259765625 0.3365591397849462 0.001708984375 0.004301075268817204
3 0.6959228515625 0.3118279569892473 0.002197265625 0.005376344086021506
3 0.6177978515625 0.28978494623655915 0.004150390625 0.010752688172043012
3 0.5667724609375 0.26666666666666666 0.003662109375 0.0064516129032258064
3 0.4656982421875 0.25967741935483873 0.002685546875 0.0064516129032258064
3 0.4127197265625 0.26048387096774195 0.002685546875 0.006989247311827957
3 0.36669921875 0.27123655913978495 0.00341796875 0.006989247311827957
3 0.2899169921875 0.2956989247311828 0.002197265625 0.005376344086021506
3 0.263427734375 0.30510752688172044 0.00244140625 0.004838709677419355
