0 0.5162353515625 0.3922043010752688 0.114990234375 0.2779569892473118
0 0.3966064453125 0.392741935483871 0.138916015625 0.23279569892473118
0 0.296630859375 0.3935483870967742 0.11474609375 0.18494623655913978
0 0.6424560546875 0.4112903225806452 0.141357421875 0.24193548387096775
0 0.7474365234375 0.42338709677419356 0.135498046875 0.23172043010752688
1 0.7900390625 0.48333333333333334 0.02001953125 0.021505376344086023
1 0.674560546875 0.44946236559139785 0.03369140625 0.026881720430107527
1 0.5150146484375 0.471505376344086 0.034912109375 0.025806451612903226
1 0.3641357421875 0.42311827956989245 0.027587890625 0.021505376344086023
1 0.2596435546875 0.42473118279569894 0.018310546875 0.017204301075268817
3 0.795654296875 0.4615591397849462 0.00439453125 0.01021505376344086
3 0.6795654296875 0.4293010752688172 0.009521484375 0.012365591397849462
3 0.515625 0.4182795698924731 0.009765625 0.01827956989247312
3 0.3614501953125 0.403494623655914 0.006103515625 0.013440860215053764
3 0.256103515625 0.40940860215053765 0.0029296875 0.01129032258064516
0 0.2275390625 0.4075268817204301 0.0859375 0.15806451612903225
0 0.098876953125 0.4521505376344086 0.0458984375 0.05591397849462366
0 0.8250732421875 0.4532258064516129 0.096923828125 0.2010752688172043
0 0.8663330078125 0.4674731182795699 0.048095703125 0.1381720430107527
0 0.9000244140625 0.4774193548387097 0.060302734375 0.11505376344086021
0 0.6922607421875 0.29193548387096774 0.043701171875 0.06236559139784946
0 0.654541015625 0.28225806451612906 0.05126953125 0.08387096774193549
0 0.6107177734375 0.2639784946236559 0.046142578125 0.06129032258064516
0 0.5693359375 0.25833333333333336 0.0400390625 0.08440860215053764
0 0.5162353515625 0.23897849462365592 0.041259765625 0.04139784946236559
0 0.4666748046875 0.24838709677419354 0.045654296875 0.07419354838709677
0 0.42578125 0.2508064516129032 0.04443359375 0.06182795698924731
0 0.387451171875 0.2586021505376344 0.048828125 0.07311827956989247
0 0.347900390625 0.2717741935483871 0.04296875 0.06397849462365592
0 0.3140869140625 0.2806451612903226 0.045166015625 0.060215053763440864
0 0.286376953125 0.296505376344086 0.04248046875 0.06827956989247312
0 0.263671875 0.3016129032258065 0.04345703125 0.06129032258064516
0 0.23046875 0.3228494623655914 0.0400390625 0.06290322580645161
1 0.19677734375 0.442741935483871 0.0107421875 0.012365591397849462
3 0.192626953125 0.4311827956989247 0.001953125 0.005376344086021506
0 0.90087890625 0.4956989247311828 0.03466796875 0.1043010752688172
1 0.8631591796875 0.5067204301075269 0.010009765625 0.013440860215053764
1 0.878662109375 0.5260752688172043 0.00634765625 0.01021505376344086
1 0.91259765625 0.521505376344086 0.00439453125 0.010752688172043012
3 0.885986328125 0.4884408602150538 0.00244140625 0.008064516129032258
3 0.86767578125 0.49489247311827955 0.00341796875 0.00913978494623656
3 0.5728759765625 0.26801075268817204 0.003662109375 0.008064516129032258
3 0.6197509765625 0.28118279569892474 0.003662109375 0.005376344086021506
3 0.6678466796875 0.2879032258064516 0.001220703125 0.002688172043010753
1 0.66650390625 0.3064516129032258 0.01025390625 0.008602150537634409
1 0.619384765625 0.2879032258064516 0.01123046875 0.006989247311827957
1 0.572265625 0.2806451612903226 0.0126953125 0.010752688172043012
1 0.460205078125 0.26129032258064516 0.01025390625 0.005376344086021506
1 0.4158935546875 0.2747311827956989 0.010009765625 0.004301075268817204
1 0.374755859375 0.2793010752688172 0.005859375 0.012365591397849462
3 0.4600830078125 0.2532258064516129 0.003173828125 0.005376344086021506
3 0.415771484375 0.2672043010752688 0.00244140625 0.0064516129032258064
3 0.334716796875 0.285752688172043 0.00244140625 0.004838709677419355
3 0.2982177734375 0.2994623655913978 0.001708984375 0.005376344086021506
3 0.2705078125 0.31048387096774194 0.001953125 0.003763440860215054
1 0.27099609375 0.317741935483871 0.00634765625 0.008602150537634409
1 0.299072265625 0.3064516129032258 0.00732421875 0.007526881720430108
1 0.3345947265625 0.29301075268817206 0.009033203125 0.008602150537634409
1 0.247802734375 0.3255376344086022 0.0048828125 0.005913978494623656
3 0.2474365234375 0.3185483870967742 0.001708984375 0.003763440860215054
