0 0.4893798828125 0.3827956989247312 0.135498046875 0.2709677419354839
0 0.0670166015625 0.4967741935483871 0.063232421875 0.08494623655913978
0 0.04296875 0.5021505376344086 0.02734375 0.06666666666666667
0 0.1312255859375 0.42473118279569894 0.052001953125 0.06451612903225806
0 0.4560546875 0.21908602150537634 0.0107421875 0.014516129032258065
0 0.4901123046875 0.21693548387096775 0.005126953125 0.012365591397849462
0 0.4078369140625 0.22473118279569892 0.008056640625 0.011827956989247311
0 0.54150390625 0.22096774193548388 0.01025390625 0.015053763440860216
0 0.5279541015625 0.21774193548387097 0.007080078125 0.012903225806451613
0 0.573974609375 0.21801075268817205 0.02099609375 0.031720430107526884
0 0.5947265625 0.2295698924731183 0.01123046875 0.015053763440860216
0 0.6044921875 0.23306451612903226 0.01513671875 0.017741935483870968
0 0.6165771484375 0.235752688172043 0.011962890625 0.01881720430107527
0 0.6390380859375 0.2838709677419355 0.057373046875 0.07956989247311828
0 0.709228515625 0.3061827956989247 0.04296875 0.0489247311827957
0 0.6700439453125 0.2577956989247312 0.016357421875 0.020967741935483872
0 0.751220703125 0.3333333333333333 0.0498046875 0.06881720430107527
0 0.78515625 0.35161290322580646 0.0361328125 0.05268817204301075
0 0.8037109375 0.3620967741935484 0.0166015625 0.0467741935483871
0 0.8135986328125 0.3685483870967742 0.024169921875 0.051075268817204304
0 0.8221435546875 0.37311827956989246 0.023681640625 0.04838709677419355
1 0.4951171875 0.4252688172043011 0.02197265625 0.030107526881720432
1 0.657958984375 0.30483870967741933 0.00830078125 0.007526881720430108
1 0.7728271484375 0.35376344086021505 0.003173828125 0.005376344086021506
1 0.7261962890625 0.3096774193548387 0.004638671875 0.005376344086021506
1 0.809814453125 0.37661290322580643 0.00244140625 0.003763440860215054
1 0.800048828125 0.35833333333333334 0.0029296875 0.004838709677419355
1 0.4891357421875 0.21666666666666667 0.001708984375 0.001075268817204301
1 0.545166015625 0.22123655913978493 0.001953125 0.0016129032258064516
1 0.60888671875 0.23360215053763442 0.00244140625 0.002688172043010753
3 0.495361328125 0.39005376344086023 0.0068359375 0.014516129032258065
3 0.6580810546875 0.29516129032258065 0.002685546875 0.005376344086021506
