0 0.3507080078125 0.40161290322580645 0.136962890625 0.24731182795698925
0 0.48486328125 0.3774193548387097 0.10498046875 0.23010752688172043
0 0.6126708984375 0.3897849462365591 0.164306640625 0.289247311827957
1 0.6578369140625 0.3948924731182796 0.008544921875 0.016666666666666666
1 0.6533203125 0.42096774193548386 0.0205078125 0.030107526881720432
1 0.4869384765625 0.3868279569892473 0.032958984375 0.02204301075268817
1 0.32080078125 0.43629032258064515 0.03173828125 0.025268817204301075
3 0.48828125 0.3650537634408602 0.00634765625 0.011827956989247311
0 0.078125 0.49650537634408604 0.06494140625 0.08333333333333333
0 0.728515625 0.41155913978494624 0.07568359375 0.18655913978494623
0 0.768798828125 0.4198924731182796 0.09033203125 0.16129032258064516
0 0.8077392578125 0.42795698924731185 0.067138671875 0.14408602150537633
0 0.7298583984375 0.31586021505376344 0.046630859375 0.06505376344086021
0 0.754638671875 0.32983870967741935 0.0322265625 0.0543010752688172
0 0.70166015625 0.30591397849462365 0.04248046875 0.06236559139784946
0 0.514404296875 0.2701612903225806 0.041015625 0.07258064516129033
0 0.4169921875 0.2760752688172043 0.04541015625 0.07473118279569893
0 0.43994140625 0.23548387096774193 0.02001953125 0.03655913978494624
0 0.371337890625 0.27365591397849465 0.04736328125 0.05053763440860215
0 0.30224609375 0.30591397849462365 0.05029296875 0.07634408602150537
0 0.2685546875 0.31989247311827956 0.03564453125 0.06666666666666667
0 0.2384033203125 0.33763440860215055 0.034912109375 0.06344086021505377
0 0.2105712890625 0.35376344086021505 0.046630859375 0.07741935483870968
0 0.1871337890625 0.3650537634408602 0.042724609375 0.07956989247311828
0 0.1656494140625 0.38629032258064516 0.031005859375 0.0543010752688172
0 0.148193359375 0.39301075268817204 0.041015625 0.07741935483870968
0 0.1541748046875 0.39301075268817204 0.024658203125 0.05591397849462366
1 0.1536865234375 0.39946236559139786 0.004150390625 0.005376344086021506
1 0.14501953125 0.41559139784946236 0.00341796875 0.005376344086021506
1 0.17041015625 0.3956989247311828 0.0048828125 0.005376344086021506
1 0.1929931640625 0.38306451612903225 0.005126953125 0.006989247311827957
3 0.1917724609375 0.3728494623655914 0.002197265625 0.005913978494623656
3 0.1693115234375 0.38870967741935486 0.001708984375 0.005376344086021506
3 0.2266845703125 0.3416666666666667 0.001220703125 0.002688172043010753
3 0.28515625 0.3209677419354839 0.001953125 0.005376344086021506
1 0.227783203125 0.3467741935483871 0.00537109375 0.007526881720430108
1 0.285888671875 0.328494623655914 0.0078125 0.00967741935483871
1 0.412353515625 0.2989247311827957 0.01123046875 0.008602150537634409
3 0.412109375 0.28897849462365593 0.00439453125 0.01021505376344086
1 0.4384765625 0.23521505376344087 0.00537109375 0.003763440860215054
1 0.519775390625 0.2913978494623656 0.0048828125 0.005376344086021506
1 0.7166748046875 0.3295698924731183 0.006591796875 0.007526881720430108
1 0.7662353515625 0.35456989247311826 0.003662109375 0.003763440860215054
3 0.7171630859375 0.3228494623655914 0.002197265625 0.004838709677419355
3 0.75 0.3411290322580645 0.001953125 0.002688172043010753
3 0.8046875 0.44946236559139785 0.00341796875 0.007526881720430108
3 0.7523193359375 0.4303763440860215 0.003662109375 0.008064516129032258
1 0.748291015625 0.4491935483870968 0.01513671875 0.016666666666666666
1 0.8013916015625 0.48655913978494625 0.010986328125 0.012903225806451613
