0 0.345703125 0.4075268817204301 0.1357421875 0.23870967741935484
0 0.6124267578125 0.3895161290322581 0.166748046875 0.28763440860215056
0 0.7281494140625 0.41155913978494624 0.076904296875 0.18548387096774194
1 0.3150634765625 0.431989247311828 0.016845703125 0.014516129032258065
1 0.6533203125 0.4206989247311828 0.02099609375 0.02956989247311828
1 0.748046875 0.44946236559139785 0.01416015625 0.011827956989247311
3 0.3126220703125 0.41317204301075267 0.006103515625 0.013440860215053764
3 0.6575927734375 0.3946236559139785 0.008056640625 0.016129032258064516
3 0.7523193359375 0.43010752688172044 0.004150390625 0.00967741935483871
0 0.08740234375 0.4752688172043011 0.05224609375 0.09247311827956989
0 0.774169921875 0.4239247311827957 0.0810546875 0.1489247311827957
0 0.8033447265625 0.4260752688172043 0.069580078125 0.1295698924731183
0 0.7513427734375 0.32446236559139785 0.052490234375 0.08225806451612903
0 0.7296142578125 0.3204301075268817 0.039306640625 0.06236559139784946
0 0.704345703125 0.306989247311828 0.03857421875 0.06236559139784946
0 0.51318359375 0.2685483870967742 0.04345703125 0.07473118279569893
0 0.4656982421875 0.2672043010752688 0.041748046875 0.08279569892473118
0 0.3721923828125 0.2709677419354839 0.046142578125 0.06344086021505377
0 0.3294677734375 0.28897849462365593 0.044189453125 0.06075268817204301
0 0.295166015625 0.30295698924731185 0.056640625 0.09731182795698924
0 0.2408447265625 0.33978494623655914 0.048095703125 0.07311827956989247
0 0.19287109375 0.37016129032258066 0.046875 0.06505376344086021
0 0.170166015625 0.3827956989247312 0.03125 0.06344086021505377
0 0.005615234375 0.5287634408602151 0.01123046875 0.026344086021505377
1 0.803466796875 0.460752688172043 0.00634765625 0.016129032258064516
1 0.8272705078125 0.4814516129032258 0.008056640625 0.01021505376344086
3 0.8330078125 0.4481182795698925 0.00244140625 0.006989247311827957
3 0.807373046875 0.4459677419354839 0.001953125 0.005913978494623656
3 0.172607421875 0.3903225806451613 0.00146484375 0.004301075268817204
1 0.173095703125 0.39704301075268816 0.0029296875 0.004838709677419355
1 0.2225341796875 0.3631720430107527 0.006103515625 0.008064516129032258
1 0.2786865234375 0.33736559139784944 0.006103515625 0.008064516129032258
1 0.4658203125 0.289247311827957 0.00732421875 0.010752688172043012
1 0.518310546875 0.2870967741935484 0.01220703125 0.008602150537634409
1 0.7169189453125 0.32903225806451614 0.006591796875 0.007526881720430108
1 0.7432861328125 0.3456989247311828 0.005615234375 0.005376344086021506
1 0.7728271484375 0.3575268817204301 0.002197265625 0.0064516129032258064
3 0.743896484375 0.3389784946236559 0.001953125 0.003763440860215054
3 0.7171630859375 0.32231182795698926 0.002197265625 0.004838709677419355
3 0.5184326171875 0.2779569892473118 0.003662109375 0.005376344086021506
3 0.4656982421875 0.2760752688172043 0.005126953125 0.012365591397849462
3 0.364013671875 0.2870967741935484 0.00341796875 0.005376344086021506
3 0.277099609375 0.3188172043010753 0.00341796875 0.007526881720430108
3 0.2218017578125 0.35618279569892475 0.002197265625 0.004838709677419355
