0 0.7823486328125 0.44193548387096776 0.122314453125 0.16666666666666666
0 0.2364501953125 0.40618279569892474 0.133056640625 0.17580645161290323
0 0.17138671875 0.42231182795698924 0.07568359375 0.1586021505376344
0 0.14697265625 0.4241935483870968 0.06396484375 0.12903225806451613
0 0.1298828125 0.4236559139784946 0.0546875 0.11612903225806452
0 0.0897216796875 0.44731182795698926 0.038330078125 0.07526881720430108
0 0.8458251953125 0.46182795698924733 0.071533203125 0.15053763440860216
0 0.8863525390625 0.4817204301075269 0.035400390625 0.09462365591397849
0 0.76025390625 0.3336021505376344 0.04296875 0.05860215053763441
0 0.7392578125 0.3303763440860215 0.03125 0.06505376344086021
0 0.712646484375 0.3155913978494624 0.04736328125 0.08387096774193549
0 0.6827392578125 0.29838709677419356 0.043212890625 0.08064516129032258
0 0.6483154296875 0.28521505376344086 0.049072265625 0.08763440860215053
0 0.6063232421875 0.27553763440860213 0.050537109375 0.07903225806451612
0 0.560546875 0.260752688172043 0.04443359375 0.08387096774193549
0 0.5130615234375 0.2545698924731183 0.032958984375 0.06935483870967742
0 0.4688720703125 0.25268817204301075 0.040283203125 0.07634408602150537
0 0.4224853515625 0.2553763440860215 0.047607421875 0.07634408602150537
0 0.3780517578125 0.2610215053763441 0.047607421875 0.07365591397849462
0 0.33935546875 0.26908602150537636 0.046875 0.07580645161290323
0 0.307373046875 0.2776881720430108 0.0458984375 0.07473118279569893
0 0.27783203125 0.28978494623655915 0.03857421875 0.06666666666666667
0 0.25634765625 0.289247311827957 0.046875 0.07204301075268817
0 0.228759765625 0.3056451612903226 0.0439453125 0.07473118279569893
1 0.1810302734375 0.4446236559139785 0.012451171875 0.015053763440860216
3 0.177978515625 0.431989247311828 0.00341796875 0.00913978494623656
1 0.829833984375 0.5069892473118279 0.009765625 0.010752688172043012
1 0.1439208984375 0.46344086021505376 0.007568359375 0.010752688172043012
1 0.12060546875 0.45698924731182794 0.00439453125 0.011827956989247311
1 0.10595703125 0.4559139784946237 0.00341796875 0.0064516129032258064
1 0.8887939453125 0.5026881720430108 0.002685546875 0.005376344086021506
1 0.8990478515625 0.5051075268817204 0.002685546875 0.005913978494623656
1 0.6951904296875 0.3225806451612903 0.008544921875 0.00967741935483871
1 0.7283935546875 0.3435483870967742 0.006103515625 0.007526881720430108
3 0.69580078125 0.3118279569892473 0.00244140625 0.004301075268817204
3 0.729248046875 0.3365591397849462 0.001953125 0.004301075268817204
3 0.751953125 0.3521505376344086 0.00146484375 0.005376344086021506
3 0.7781982421875 0.3588709677419355 0.001220703125 0.002688172043010753
3 0.5672607421875 0.2672043010752688 0.002685546875 0.004301075268817204
3 0.61767578125 0.29059139784946236 0.00439453125 0.00913978494623656
3 0.662109375 0.29516129032258065 0.001953125 0.004301075268817204
1 0.6605224609375 0.31370967741935485 0.008056640625 0.008064516129032258
1 0.6170654296875 0.29973118279569894 0.010009765625 0.008064516129032258
1 0.5667724609375 0.28360215053763443 0.010986328125 0.008064516129032258
1 0.4656982421875 0.27123655913978495 0.011474609375 0.006989247311827957
1 0.518798828125 0.27446236559139786 0.009765625 0.00913978494623656
1 0.4129638671875 0.275 0.010498046875 0.008064516129032258
3 0.4127197265625 0.26048387096774195 0.002685546875 0.005913978494623656
3 0.465576171875 0.25967741935483873 0.00244140625 0.005376344086021506
3 0.36669921875 0.2709677419354839 0.00341796875 0.005376344086021506
3 0.32470703125 0.28521505376344086 0.00244140625 0.004838709677419355
3 0.2930908203125 0.289247311827957 0.002197265625 0.004301075268817204
3 0.2647705078125 0.30268817204301074 0.002197265625 0.004301075268817204
1 0.265380859375 0.314247311827957 0.00390625 0.01021505376344086
1 0.2933349609375 0.29758064516129035 0.006103515625 0.005913978494623656
1 0.3250732421875 0.2924731182795699 0.006103515625 0.00967741935483871
1 0.3668212890625 0.27876344086021504 0.006103515625 0.008064516129032258
1 0.2369384765625 0.317741935483871 0.004150390625 0.004301075268817204
1 0.21142578125 0.33844086021505376 0.0029296875 0.005913978494623656
3 0.2369384765625 0.3123655913978495 0.001708984375 0.0032258064516129032
