0 0.2867431640625 0.4900537634408602 0.231201171875 0.42849462365591395
0 0.1671142578125 0.5026881720430108 0.132080078125 0.3032258064516129
1 0.209228515625 0.6118279569892473 0.03564453125 0.034408602150537634
3 0.2034912109375 0.5940860215053764 0.034423828125 0.016129032258064516
0 0.121337890625 0.49274193548387096 0.07861328125 0.20376344086021506
0 0.3314208984375 0.2174731182795699 0.049072265625 0.08763440860215053
0 0.3759765625 0.20188172043010752 0.056640625 0.08978494623655914
0 0.4293212890625 0.18548387096774194 0.052490234375 0.08924731182795699
0 0.4876708984375 0.1774193548387097 0.043212890625 0.08709677419354839
0 0.5445556640625 0.18010752688172044 0.048583984375 0.08817204301075268
0 0.5985107421875 0.18736559139784947 0.061279296875 0.10483870967741936
0 0.649169921875 0.20833333333333334 0.05126953125 0.08978494623655914
0 0.689208984375 0.22446236559139784 0.05224609375 0.08655913978494624
0 0.726806640625 0.24327956989247312 0.052734375 0.08548387096774193
0 0.752685546875 0.25591397849462366 0.0419921875 0.08494623655913978
0 0.78125 0.27876344086021504 0.0361328125 0.07795698924731183
0 0.803466796875 0.2970430107526882 0.02734375 0.06935483870967742
0 0.822265625 0.31290322580645163 0.0263671875 0.06774193548387097
0 0.83544921875 0.32688172043010755 0.029296875 0.06881720430107527
3 0.1104736328125 0.5755376344086022 0.004150390625 0.012365591397849462
1 0.095947265625 0.5758064516129032 0.0087890625 0.015053763440860216
1 0.3182373046875 0.2435483870967742 0.008056640625 0.008602150537634409
1 0.362548828125 0.2260752688172043 0.01123046875 0.01129032258064516
1 0.4219970703125 0.20833333333333334 0.013427734375 0.006989247311827957
1 0.4886474609375 0.19731182795698926 0.014404296875 0.00967741935483871
1 0.5501708984375 0.2013440860215054 0.014404296875 0.01021505376344086
1 0.6119384765625 0.2163978494623656 0.008544921875 0.012365591397849462
1 0.6627197265625 0.23387096774193547 0.007568359375 0.00967741935483871
1 0.7047119140625 0.2510752688172043 0.009521484375 0.008602150537634409
1 0.7440185546875 0.275 0.007080078125 0.008064516129032258
1 0.76708984375 0.2825268817204301 0.005859375 0.00913978494623656
1 0.79443359375 0.30349462365591395 0.005859375 0.008064516129032258
1 0.81298828125 0.3206989247311828 0.00390625 0.008064516129032258
3 0.8134765625 0.31451612903225806 0.00146484375 0.004301075268817204
3 0.794921875 0.29623655913978497 0.001953125 0.0032258064516129032
3 0.7672119140625 0.2771505376344086 0.001708984375 0.003763440860215054
3 0.7449951171875 0.26505376344086023 0.002197265625 0.005376344086021506
3 0.6630859375 0.22365591397849463 0.0029296875 0.0064516129032258064
3 0.5506591796875 0.19005376344086022 0.004638671875 0.006989247311827957
3 0.488525390625 0.1860215053763441 0.00439453125 0.0064516129032258064
3 0.4212646484375 0.19731182795698926 0.004150390625 0.007526881720430108
3 0.3619384765625 0.21263440860215055 0.003662109375 0.006989247311827957
