0 0.1759033203125 0.49811827956989246 0.159423828125 0.22741935483870968
0 0.0914306640625 0.49973118279569895 0.059326171875 0.09623655913978495
0 0.2178955078125 0.33548387096774196 0.045166015625 0.07419354838709677
0 0.263427734375 0.3064516129032258 0.0537109375 0.07956989247311828
0 0.5048828125 0.2217741935483871 0.04296875 0.08440860215053764
0 0.7965087890625 0.3172043010752688 0.051513671875 0.08172043010752689
0 0.8643798828125 0.3728494623655914 0.041259765625 0.06505376344086021
1 0.241455078125 0.32983870967741935 0.00634765625 0.008064516129032258
1 0.1981201171875 0.3634408602150538 0.004638671875 0.007526881720430108
1 0.5048828125 0.24193548387096775 0.009765625 0.00967741935483871
3 0.5042724609375 0.23306451612903226 0.003662109375 0.004838709677419355
3 0.817626953125 0.34139784946236557 0.001953125 0.005376344086021506
1 0.81689453125 0.34838709677419355 0.00341796875 0.0064516129032258064
