0 0.2930908203125 0.30913978494623656 0.008544921875 0.015053763440860216
0 0.3543701171875 0.4172043010752688 0.131591796875 0.23440860215053763
0 0.158447265625 0.37338709677419357 0.0185546875 0.02204301075268817
0 0.60498046875 0.22580645161290322 0.0224609375 0.03118279569892473
0 0.744873046875 0.32903225806451614 0.04638671875 0.06559139784946237
0 0.817626953125 0.37553763440860216 0.037109375 0.0489247311827957
0 0.90625 0.4661290322580645 0.03173828125 0.05161290322580645
0 0.509521484375 0.21801075268817205 0.0068359375 0.013440860215053764
0 0.490234375 0.21236559139784947 0.0048828125 0.010752688172043012
1 0.328125 0.4586021505376344 0.03271484375 0.026881720430107527
1 0.7642822265625 0.3510752688172043 0.004150390625 0.005376344086021506
3 0.3238525390625 0.4400537634408602 0.005126953125 0.012365591397849462
3 0.7647705078125 0.34516129032258064 0.001708984375 0.0032258064516129032
