0 0.7875 0.508406432748538 0.2565789473684211 0.37207602339181284
0 0.23338815789473685 0.5511695906432749 0.21217105263157895 0.358187134502924
0 0.5685855263157895 0.2711988304093567 0.15230263157894736 0.14181286549707603
0 0.4555921052631579 0.24305555555555555 0.04802631578947368 0.09868421052631579
0 0.3988486842105263 0.2595029239766082 0.06019736842105263 0.10964912280701754
0 0.34457236842105265 0.27997076023391815 0.04901315789473684 0.09502923976608187
0 0.3 0.30007309941520466 0.06513157894736842 0.125
0 0.2574013157894737 0.33260233918128657 0.024671052631578948 0.06871345029239766
0 0.22697368421052633 0.34904970760233917 0.04473684210526316 0.06944444444444445
0 0.19391447368421053 0.38121345029239767 0.013486842105263158 0.051900584795321635
0 0.17796052631578949 0.39985380116959063 0.026973684210526316 0.05701754385964912
0 0.12450657894736843 0.5570175438596491 0.12269736842105264 0.25584795321637427
1 0.14819078947368422 0.6641081871345029 0.024671052631578948 0.025584795321637425
0 0.8878289473684211 0.4733187134502924 0.11118421052631579 0.23172514619883042
0 0.9179276315789474 0.43165204678362573 0.08256578947368422 0.13523391812865498
0 0.9375 0.4422514619883041 0.053289473684210525 0.11695906432748537
0 0.8828947368421053 0.3402777777777778 0.021710526315789475 0.03728070175438596
0 0.9115131578947369 0.364766081871345 0.017763157894736842 0.027777777777777776
0 0.922203947368421 0.36988304093567254 0.010855263157894738 0.029239766081871343
0 0.930921052631579 0.3782894736842105 0.007894736842105263 0.01827485380116959
0 0.7526315789473684 0.260233918128655 0.049342105263157895 0.0804093567251462
0 0.7174342105263158 0.24342105263157895 0.053289473684210525 0.08333333333333333
0 0.6819078947368421 0.23720760233918128 0.06644736842105263 0.09283625730994152
0 0.6314144736842106 0.23172514619883042 0.06085526315789474 0.0804093567251462
0 0.628125 0.19334795321637427 0.04703947368421053 0.029970760233918127
0 0.6065789473684211 0.1911549707602339 0.02236842105263158 0.03435672514619883
0 0.5822368421052632 0.18092105263157895 0.026973684210526316 0.025584795321637425
0 0.5180921052631579 0.2149122807017544 0.04473684210526316 0.05701754385964912
0 0.4990131578947368 0.19407894736842105 0.019078947368421053 0.03728070175438596
0 0.47467105263157894 0.19554093567251463 0.019736842105263157 0.0402046783625731
0 0.555921052631579 0.1827485380116959 0.021710526315789475 0.027777777777777776
0 0.42713815789473686 0.22660818713450293 0.020723684210526314 0.04824561403508772
0 0.3712171052631579 0.22953216374269006 0.023355263157894737 0.024853801169590642
0 0.7542763157894737 0.23172514619883042 0.019078947368421053 0.02046783625730994
0 0.06151315789473684 0.5749269005847953 0.056578947368421055 0.1440058479532164
