0 0.775 0.34247076023391815 0.2361842105263158 0.48757309941520466
0 0.32861842105263156 0.3198099415204678 0.26907894736842103 0.6396198830409356
0 0.5904605263157895 0.07675438596491228 0.12697368421052632 0.15350877192982457
0 0.15838815789473684 0.39510233918128657 0.13256578947368422 0.43201754385964913
0 0.23273026315789475 0.09466374269005848 0.03519736842105263 0.10014619883040936
0 0.2754934210526316 0.06067251461988304 0.05493421052631579 0.10526315789473684
1 0.27631578947368424 0.5307017543859649 0.0756578947368421 0.039473684210526314
1 0.5726973684210527 0.06067251461988304 0.03355263157894737 0.029239766081871343
3 0.2567434210526316 0.4872076023391813 0.018092105263157895 0.035818713450292396
3 0.5740131578947368 0.039473684210526314 0.005263157894736842 0.013157894736842105
0 0.08092105263157895 0.43238304093567254 0.05921052631578947 0.19956140350877194
0 0.05789473684210526 0.47953216374269003 0.03881578947368421 0.15350877192982457
0 0.13075657894736842 0.2682748538011696 0.03848684210526316 0.09210526315789473
0 0.11134868421052632 0.2949561403508772 0.018092105263157895 0.07821637426900585
0 0.10279605263157894 0.3125 0.013486842105263158 0.06359649122807018
0 0.08782894736842105 0.34247076023391815 0.015131578947368421 0.04751461988304093
0 0.09555921052631579 0.3220029239766082 0.014144736842105264 0.062134502923976605
0 0.16940789473684212 0.17616959064327486 0.02763157894736842 0.054093567251461985
0 0.1555921052631579 0.19005847953216373 0.013157894736842105 0.04093567251461988
0 0.6685855263157895 0.036915204678362575 0.054276315789473686 0.07383040935672515
0 0.7085526315789473 0.049707602339181284 0.039473684210526314 0.08771929824561403
0 0.7529605263157895 0.10599415204678363 0.09539473684210527 0.1301169590643275
0 0.8115131578947369 0.16337719298245615 0.045394736842105265 0.1162280701754386
0 0.8578947368421053 0.2682748538011696 0.04144736842105263 0.07456140350877193
0 0.8360197368421053 0.20248538011695907 0.01875 0.06432748538011696
0 0.899671052631579 0.4228801169590643 0.07434210526315789 0.2507309941520468
0 0.8870065789473685 0.30957602339181284 0.027960526315789474 0.07236842105263158
0 0.9294407894736842 0.4422514619883041 0.05296052631578947 0.19444444444444445
