0 0.4781494140625 0.48655913978494625 0.187255859375 0.5333333333333333
0 0.6923828125 0.4860215053763441 0.23388671875 0.4591397849462366
0 0.2880859375 0.4905913978494624 0.2294921875 0.4360215053763441
0 0.1671142578125 0.5010752688172043 0.130615234375 0.3010752688172043
0 0.1207275390625 0.4913978494623656 0.075927734375 0.2064516129032258
1 0.209228515625 0.6120967741935484 0.03564453125 0.03494623655913978
1 0.482177734375 0.6129032258064516 0.02294921875 0.03870967741935484
1 0.774169921875 0.5852150537634409 0.0380859375 0.0478494623655914
3 0.2034912109375 0.5940860215053764 0.033935546875 0.016129032258064516
3 0.4813232421875 0.5790322580645161 0.011474609375 0.026881720430107527
3 0.783203125 0.5548387096774193 0.0087890625 0.021505376344086023
0 0.331787109375 0.21693548387096775 0.04833984375 0.08870967741935484
0 0.37548828125 0.2 0.05517578125 0.0913978494623656
0 0.428955078125 0.18413978494623656 0.05126953125 0.09086021505376345
0 0.4881591796875 0.17553763440860215 0.043212890625 0.08440860215053764
0 0.54443359375 0.17903225806451614 0.048828125 0.08387096774193549
0 0.5992431640625 0.18440860215053764 0.061767578125 0.1032258064516129
0 0.64990234375 0.2056451612903226 0.0517578125 0.09086021505376345
0 0.72314453125 0.26908602150537636 0.0888671875 0.128494623655914
0 0.7529296875 0.25349462365591396 0.04248046875 0.08548387096774193
0 0.7808837890625 0.2731182795698925 0.036865234375 0.08172043010752689
0 0.802490234375 0.2932795698924731 0.0302734375 0.07365591397849462
0 0.822509765625 0.31048387096774194 0.02734375 0.07043010752688172
0 0.8349609375 0.32231182795698926 0.03125 0.06935483870967742
1 0.3184814453125 0.24220430107526883 0.007080078125 0.006989247311827957
1 0.362548828125 0.22580645161290322 0.01123046875 0.010752688172043012
1 0.4215087890625 0.2067204301075269 0.013427734375 0.00913978494623656
1 0.48876953125 0.1956989247311828 0.0146484375 0.00967741935483871
1 0.5506591796875 0.2 0.013916015625 0.00967741935483871
1 0.6123046875 0.2129032258064516 0.0087890625 0.012903225806451613
1 0.662841796875 0.23172043010752688 0.0078125 0.010752688172043012
1 0.691650390625 0.24919354838709679 0.00927734375 0.015591397849462365
1 0.7672119140625 0.28118279569892474 0.005615234375 0.007526881720430108
1 0.7950439453125 0.3008064516129032 0.005615234375 0.00913978494623656
1 0.8134765625 0.3188172043010753 0.0029296875 0.0064516129032258064
3 0.8138427734375 0.3123655913978495 0.001708984375 0.004301075268817204
3 0.7950439453125 0.2938172043010753 0.001708984375 0.004838709677419355
3 0.767578125 0.2739247311827957 0.001953125 0.005913978494623656
3 0.6634521484375 0.22123655913978493 0.003662109375 0.006989247311827957
3 0.61279296875 0.19919354838709677 0.00244140625 0.003763440860215054
3 0.4886474609375 0.18333333333333332 0.003662109375 0.007526881720430108
3 0.5509033203125 0.1881720430107527 0.004150390625 0.007526881720430108
3 0.421142578125 0.1956989247311828 0.00439453125 0.0064516129032258064
3 0.361572265625 0.21129032258064517 0.00341796875 0.007526881720430108
3 0.1112060546875 0.5768817204301075 0.004638671875 0.012903225806451613
1 0.0968017578125 0.578494623655914 0.007568359375 0.016129032258064516
