0 0.6712171052631579 0.42616959064327486 0.2944078947368421 0.6812865497076024
0 0.14407894736842106 0.4239766081871345 0.18223684210526317 0.347953216374269
0 0.42450657894736843 0.12719298245614036 0.22730263157894737 0.2046783625730994
1 0.7411184210526316 0.6103801169590644 0.07236842105263158 0.06871345029239766
3 0.7600328947368421 0.5522660818713451 0.03190789473684211 0.02412280701754386
0 0.18832236842105263 0.2149122807017544 0.02993421052631579 0.08625730994152046
0 0.2194078947368421 0.18969298245614036 0.04736842105263158 0.08698830409356725
0 0.24753289473684212 0.15899122807017543 0.04506578947368421 0.09868421052631579
0 0.2878289473684211 0.12353801169590643 0.060526315789473685 0.11403508771929824
0 0.4610197368421053 0.03618421052631579 0.04638157894736842 0.05482456140350877
0 0.5264802631578948 0.05080409356725146 0.05756578947368421 0.09137426900584796
0 0.5914473684210526 0.05701754385964912 0.05789473684210526 0.07748538011695906
0 0.6439144736842105 0.07821637426900585 0.06085526315789474 0.08333333333333333
0 0.6980263157894737 0.1074561403508772 0.075 0.11695906432748537
0 0.7407894736842106 0.14473684210526316 0.03684210526315789 0.09210526315789473
0 0.7689144736842105 0.16812865497076024 0.04967105263157895 0.1067251461988304
0 0.7970394736842106 0.1922514619883041 0.04868421052631579 0.11257309941520467
0 0.8151315789473684 0.3983918128654971 0.14407894736842106 0.4064327485380117
0 0.8789473684210526 0.4024122807017544 0.11644736842105263 0.2580409356725146
0 0.9575657894736842 0.46308479532163743 0.04276315789473684 0.09576023391812866
0 0.04786184210526316 0.49744152046783624 0.03980263157894737 0.1600877192982456
0 0.11299342105263158 0.3263888888888889 0.037171052631578945 0.06798245614035088
0 0.15773026315789473 0.24451754385964913 0.02598684210526316 0.0489766081871345
