0 0.6518092105263158 0.4137426900584795 0.28651315789473686 0.6739766081871345
0 0.7990131578947368 0.3987573099415205 0.14671052631578949 0.40862573099415206
0 0.33848684210526314 0.09064327485380116 0.06578947368421052 0.1154970760233918
0 0.39588815789473686 0.07090643274853801 0.06348684210526316 0.10380116959064327
0 0.4605263157894737 0.05592105263157895 0.05526315789473684 0.09429824561403509
0 0.5235197368421053 0.04788011695906433 0.05625 0.09429824561403509
0 0.5919407894736842 0.05299707602339181 0.06085526315789474 0.07383040935672515
0 0.6467105263157895 0.07821637426900585 0.05789473684210526 0.08625730994152046
0 0.6972039473684211 0.11769005847953216 0.062171052631578946 0.1067251461988304
0 0.7396381578947369 0.14108187134502925 0.05625 0.09502923976608187
0 0.7753289473684211 0.1838450292397661 0.03881578947368421 0.08114035087719298
0 0.8001644736842105 0.20431286549707603 0.03914473684210526 0.09137426900584796
0 0.8274671052631579 0.22624269005847952 0.03585526315789474 0.07090643274853801
0 0.8679276315789474 0.4166666666666667 0.10822368421052632 0.2821637426900585
0 0.28536184210526316 0.22149122807017543 0.08453947368421053 0.21198830409356725
0 0.29901315789473687 0.1111111111111111 0.0375 0.08187134502923976
0 0.4243421052631579 0.03399122807017544 0.0375 0.06067251461988304
0 0.5636513157894737 0.03326023391812866 0.03453947368421053 0.051900584795321635
