0 0.7103271484375 0.471505376344086 0.257080078125 0.4881720430107527
0 0.5040283203125 0.5021505376344086 0.197509765625 0.478494623655914
0 0.282470703125 0.5037634408602151 0.24853515625 0.478494623655914
0 0.1270751953125 0.4860215053763441 0.077880859375 0.2032258064516129
0 0.18115234375 0.47016129032258064 0.10546875 0.28118279569892474
0 0.1817626953125 0.3309139784946237 0.064697265625 0.08440860215053764
0 0.226318359375 0.2631720430107527 0.05078125 0.06612903225806452
0 0.331787109375 0.21801075268817205 0.0556640625 0.09301075268817205
0 0.3778076171875 0.20053763440860214 0.054931640625 0.08924731182795699
0 0.4293212890625 0.18198924731182795 0.050048828125 0.09623655913978495
0 0.484619140625 0.17338709677419356 0.0439453125 0.09408602150537634
0 0.54296875 0.18037634408602152 0.05029296875 0.08763440860215053
0 0.5936279296875 0.18870967741935485 0.058349609375 0.08709677419354839
0 0.642578125 0.19973118279569893 0.06005859375 0.08010752688172043
0 0.6903076171875 0.2196236559139785 0.055908203125 0.07688172043010753
0 0.7275390625 0.2411290322580645 0.046875 0.08655913978494624
0 0.75341796875 0.25564516129032255 0.04443359375 0.08440860215053764
0 0.77880859375 0.2739247311827957 0.0380859375 0.08225806451612903
0 0.80029296875 0.28763440860215056 0.0537109375 0.1010752688172043
0 0.824462890625 0.3096774193548387 0.0224609375 0.06666666666666667
0 0.836181640625 0.32123655913978494 0.02734375 0.06827956989247312
0 0.8499755859375 0.3362903225806452 0.026611328125 0.06505376344086021
0 0.8656005859375 0.353494623655914 0.026123046875 0.06182795698924731
0 0.8760986328125 0.3629032258064516 0.019287109375 0.053763440860215055
0 0.941650390625 0.4389784946236559 0.0087890625 0.020967741935483872
0 0.948974609375 0.4481182795698925 0.00634765625 0.015591397849462365
0 0.7359619140625 0.2056451612903226 0.020263671875 0.024193548387096774
0 0.723388671875 0.19704301075268818 0.009765625 0.015591397849462365
0 0.752197265625 0.21666666666666667 0.01123046875 0.01935483870967742
0 0.632568359375 0.14327956989247312 0.01123046875 0.014516129032258065
0 0.61962890625 0.13870967741935483 0.01416015625 0.016129032258064516
0 0.6492919921875 0.15080645161290324 0.011474609375 0.012365591397849462
0 0.6402587890625 0.14731182795698924 0.011962890625 0.010752688172043012
0 0.66845703125 0.15913978494623657 0.0126953125 0.012903225806451613
1 0.8050537109375 0.5806451612903226 0.020263671875 0.026881720430107527
1 0.510986328125 0.5970430107526882 0.0439453125 0.027419354838709678
1 0.1865234375 0.6172043010752688 0.02880859375 0.041935483870967745
1 0.3153076171875 0.2413978494623656 0.007568359375 0.007526881720430108
1 0.365234375 0.22446236559139784 0.01220703125 0.01129032258064516
1 0.4237060546875 0.20403225806451614 0.014404296875 0.01021505376344086
1 0.4842529296875 0.19946236559139785 0.014404296875 0.008602150537634409
1 0.5491943359375 0.20403225806451614 0.009033203125 0.01129032258064516
1 0.60595703125 0.21263440860215055 0.01025390625 0.01021505376344086
1 0.6602783203125 0.2295698924731183 0.010009765625 0.00967741935483871
1 0.708251953125 0.2306451612903226 0.00732421875 0.008602150537634409
1 0.7437744140625 0.27043010752688174 0.006103515625 0.008602150537634409
1 0.7691650390625 0.2825268817204301 0.006591796875 0.008064516129032258
1 0.79296875 0.3018817204301075 0.00439453125 0.008064516129032258
1 0.822509765625 0.32365591397849464 0.00439453125 0.007526881720430108
1 0.8321533203125 0.3349462365591398 0.003662109375 0.005376344086021506
1 0.84716796875 0.34838709677419355 0.00341796875 0.0064516129032258064
1 0.8609619140625 0.3610215053763441 0.002197265625 0.003763440860215054
1 0.8760986328125 0.37553763440860216 0.002685546875 0.004838709677419355
1 0.20654296875 0.27231182795698927 0.00537109375 0.006989247311827957
1 0.103271484375 0.5661290322580645 0.0087890625 0.016129032258064516
1 0.1466064453125 0.5760752688172043 0.015380859375 0.02204301075268817
3 0.179443359375 0.5935483870967742 0.025390625 0.01827956989247312
3 0.5087890625 0.5661290322580645 0.01025390625 0.03118279569892473
3 0.8114013671875 0.553494623655914 0.028076171875 0.01881720430107527
3 0.314697265625 0.23306451612903226 0.00341796875 0.005913978494623656
3 0.364501953125 0.21317204301075268 0.00341796875 0.004838709677419355
3 0.4227294921875 0.1860215053763441 0.004638671875 0.007526881720430108
3 0.4837646484375 0.18763440860215053 0.004150390625 0.005376344086021506
3 0.5491943359375 0.1935483870967742 0.004150390625 0.0064516129032258064
3 0.6063232421875 0.2021505376344086 0.003662109375 0.0064516129032258064
3 0.6610107421875 0.2163978494623656 0.003662109375 0.006989247311827957
3 0.70947265625 0.2252688172043011 0.0087890625 0.007526881720430108
3 0.74462890625 0.2623655913978495 0.001953125 0.005376344086021506
3 0.7696533203125 0.27580645161290324 0.002685546875 0.005376344086021506
3 0.7930908203125 0.2956989247311828 0.001708984375 0.004301075268817204
3 0.832763671875 0.32768817204301076 0.00146484375 0.003763440860215054
3 0.876708984375 0.3709677419354839 0.0009765625 0.002150537634408602
3 0.0943603515625 0.5228494623655914 0.002197265625 0.004838709677419355
3 0.13720703125 0.5182795698924731 0.00390625 0.013978494623655914
