0 0.4791259765625 0.47795698924731184 0.187744140625 0.5451612903225806
0 0.6922607421875 0.4852150537634409 0.232666015625 0.4596774193548387
0 0.287109375 0.49516129032258066 0.23046875 0.443010752688172
1 0.773193359375 0.5852150537634409 0.03955078125 0.0478494623655914
1 0.4820556640625 0.6118279569892473 0.022705078125 0.03763440860215054
1 0.2093505859375 0.6118279569892473 0.035400390625 0.034408602150537634
3 0.783203125 0.5548387096774193 0.00927734375 0.021505376344086023
3 0.4814453125 0.5793010752688172 0.01220703125 0.02849462365591398
3 0.20361328125 0.5943548387096774 0.0341796875 0.015591397849462365
0 0.1663818359375 0.5037634408602151 0.133056640625 0.3086021505376344
0 0.122314453125 0.4922043010752688 0.08056640625 0.20268817204301076
0 0.33154296875 0.21666666666666667 0.04931640625 0.08924731182795699
0 0.375732421875 0.2 0.056640625 0.0913978494623656
0 0.428955078125 0.18413978494623656 0.05224609375 0.09086021505376345
0 0.487548828125 0.175 0.0439453125 0.08548387096774193
0 0.54443359375 0.18010752688172044 0.048828125 0.08709677419354839
0 0.5992431640625 0.18440860215053764 0.061279296875 0.10215053763440861
0 0.6500244140625 0.20456989247311827 0.052978515625 0.08978494623655914
0 0.6893310546875 0.22258064516129034 0.053466796875 0.08387096774193549
0 0.7269287109375 0.24166666666666667 0.052490234375 0.08655913978494624
0 0.753173828125 0.2540322580645161 0.04345703125 0.08548387096774193
0 0.78173828125 0.2763440860215054 0.03564453125 0.07741935483870968
0 0.8028564453125 0.29301075268817206 0.029052734375 0.07204301075268817
0 0.822265625 0.31129032258064515 0.02734375 0.06559139784946237
0 0.83544921875 0.3241935483870968 0.03076171875 0.07096774193548387
0 0.8995361328125 0.39301075268817204 0.030517578125 0.06236559139784946
1 0.8135986328125 0.31989247311827956 0.004150390625 0.0064516129032258064
1 0.7947998046875 0.3010752688172043 0.005126953125 0.0064516129032258064
1 0.7672119140625 0.2817204301075269 0.005126953125 0.007526881720430108
1 0.74462890625 0.27338709677419354 0.00634765625 0.008064516129032258
1 0.705322265625 0.24946236559139784 0.00927734375 0.007526881720430108
1 0.6630859375 0.23091397849462367 0.00732421875 0.01021505376344086
1 0.6123046875 0.21424731182795698 0.00927734375 0.012365591397849462
1 0.550537109375 0.2 0.013671875 0.008602150537634409
1 0.488525390625 0.1967741935483871 0.0146484375 0.00967741935483871
1 0.421875 0.20698924731182797 0.013671875 0.00967741935483871
1 0.3629150390625 0.22553763440860214 0.010498046875 0.01129032258064516
1 0.318603515625 0.24327956989247312 0.00830078125 0.01021505376344086
3 0.3619384765625 0.2118279569892473 0.003662109375 0.007526881720430108
3 0.4212646484375 0.19596774193548386 0.004150390625 0.006989247311827957
3 0.48876953125 0.18413978494623656 0.00390625 0.006989247311827957
3 0.5509033203125 0.18763440860215053 0.004150390625 0.007526881720430108
3 0.613037109375 0.19919354838709677 0.0048828125 0.004838709677419355
3 0.6632080078125 0.22096774193548388 0.003173828125 0.0064516129032258064
3 0.74560546875 0.2631720430107527 0.001953125 0.006989247311827957
3 0.7677001953125 0.27446236559139786 0.001708984375 0.004838709677419355
3 0.795166015625 0.29435483870967744 0.00146484375 0.003763440860215054
3 0.8140869140625 0.31290322580645163 0.001708984375 0.004301075268817204
3 0.1109619140625 0.5758064516129032 0.005126953125 0.012903225806451613
1 0.0966796875 0.578494623655914 0.00830078125 0.015053763440860216
