0 0.2143092105263158 0.34173976608187134 0.2082236842105263 0.4407894736842105
0 0.7871710526315789 0.2573099415204678 0.14276315789473684 0.3216374269005848
0 0.11529605263157895 0.39473684210526316 0.09046052631578948 0.2807017543859649
0 0.06743421052631579 0.44261695906432746 0.04078947368421053 0.1513157894736842
0 0.03289473684210526 0.5230263157894737 0.04276315789473684 0.11330409356725146
0 0.13141447368421053 0.2642543859649123 0.04572368421052632 0.07821637426900585
0 0.09868421052631579 0.31396198830409355 0.01644736842105263 0.062134502923976605
0 0.11381578947368422 0.2843567251461988 0.03223684210526316 0.09502923976608187
0 0.07894736842105263 0.3658625730994152 0.015131578947368421 0.0489766081871345
0 0.15789473684210525 0.19188596491228072 0.026973684210526316 0.0533625730994152
0 0.24243421052631578 0.09868421052631579 0.05986842105263158 0.1067251461988304
0 0.3223684210526316 0.04057017543859649 0.06644736842105263 0.08114035087719298
0 0.2888157894736842 0.03252923976608187 0.03684210526315789 0.06505847953216375
0 0.6597039473684211 0.03654970760233918 0.055592105263157894 0.07309941520467836
0 0.7067434210526315 0.05665204678362573 0.05756578947368421 0.11330409356725146
0 0.7493421052631579 0.08150584795321637 0.046052631578947366 0.07090643274853801
0 0.7838815789473684 0.12171052631578948 0.03223684210526316 0.06505847953216375
0 0.8077302631578948 0.15935672514619884 0.0430921052631579 0.10087719298245613
0 0.8330592105263158 0.2101608187134503 0.02598684210526316 0.09576023391812866
0 0.8460526315789474 0.23172514619883042 0.023026315789473683 0.0891812865497076
