0 0.354736328125 0.4172043010752688 0.13232421875 0.23440860215053763
1 0.3331298828125 0.4577956989247312 0.021728515625 0.024193548387096774
3 0.324462890625 0.4400537634408602 0.00390625 0.01129032258064516
0 0.158203125 0.3736559139784946 0.0185546875 0.021505376344086023
0 0.6053466796875 0.22634408602150538 0.022216796875 0.03118279569892473
0 0.509521484375 0.21827956989247313 0.00732421875 0.012903225806451613
0 0.7239990234375 0.2870967741935484 0.020751953125 0.02795698924731183
0 0.7449951171875 0.32903225806451614 0.046142578125 0.06559139784946237
1 0.7642822265625 0.3510752688172043 0.005126953125 0.0064516129032258064
3 0.7646484375 0.3448924731182796 0.001953125 0.003763440860215054
0 0.8173828125 0.37553763440860216 0.037109375 0.0489247311827957
0 0.90625 0.4661290322580645 0.03173828125 0.05161290322580645
0 0.9892578125 0.5653225806451613 0.021484375 0.05
