0 0.3560855263157895 0.41885964912280704 0.2694078947368421 0.6418128654970761
0 0.8893092105263158 0.40789473684210525 0.13914473684210527 0.24415204678362573
0 0.3248355263157895 0.12353801169590643 0.10164473684210526 0.09649122807017543
0 0.4074013157894737 0.05847953216374269 0.06414473684210527 0.0935672514619883
0 0.4662828947368421 0.04678362573099415 0.05493421052631579 0.09210526315789473
0 0.5383223684210526 0.049707602339181284 0.05230263157894737 0.09210526315789473
0 0.6059210526315789 0.06505847953216375 0.0625 0.0891812865497076
0 0.6633223684210526 0.08406432748538012 0.06414473684210527 0.10964912280701754
0 0.7177631578947369 0.12244152046783625 0.05526315789473684 0.09429824561403509
0 0.7524671052631579 0.1429093567251462 0.0694078947368421 0.12792397660818713
0 0.7958881578947369 0.1827485380116959 0.03848684210526316 0.10818713450292397
0 0.8169407894736842 0.2054093567251462 0.02532894736842105 0.07894736842105263
0 0.8386513157894737 0.23940058479532164 0.03190789473684211 0.07967836257309942
0 0.8532894736842105 0.24269005847953215 0.034210526315789476 0.0935672514619883
1 0.321875 0.7002923976608187 0.03848684210526316 0.04239766081871345
1 0.3973684210526316 0.09027777777777778 0.015131578947368421 0.012426900584795321
1 0.45904605263157894 0.07785087719298246 0.009539473684210526 0.010964912280701754
1 0.5417763157894737 0.07273391812865497 0.01644736842105263 0.012426900584795321
1 0.61875 0.0939327485380117 0.015131578947368421 0.013888888888888888
1 0.6805921052631579 0.11440058479532164 0.008552631578947369 0.015350877192982455
3 0.29391447368421053 0.5793128654970761 0.029276315789473685 0.02412280701754386
0 0.24375 0.13998538011695907 0.04276315789473684 0.05043859649122807
0 0.9580592105263158 0.45614035087719296 0.03914473684210526 0.10380116959064327
0 0.8809210526315789 0.2913011695906433 0.019078947368421053 0.05921052631578947
0 0.3740131578947368 0.03874269005847953 0.02894736842105263 0.03654970760233918
