0 0.8523026315789474 0.3980263157894737 0.18355263157894736 0.32383040935672514
0 0.39901315789473685 0.14875730994152048 0.21644736842105264 0.18494152046783627
0 0.12269736842105264 0.3435672514619883 0.06184210526315789 0.09941520467836257
0 0.21101973684210526 0.19809941520467836 0.05756578947368421 0.11257309941520467
0 0.17384868421052632 0.23940058479532164 0.037171052631578945 0.09283625730994152
0 0.15608552631578948 0.26169590643274854 0.02598684210526316 0.07894736842105263
0 0.07039473684210526 0.4967105263157895 0.06118421052631579 0.16593567251461988
0 0.08338815789473684 0.3815789473684211 0.02993421052631579 0.06871345029239766
0 0.4453947368421053 0.04349415204678363 0.05526315789473684 0.07675438596491228
0 0.5220394736842106 0.04568713450292398 0.056578947368421055 0.08845029239766082
0 0.5879934210526315 0.06615497076023392 0.06480263157894736 0.09868421052631579
0 0.6470394736842106 0.08406432748538012 0.06184210526315789 0.10380116959064327
0 0.6963815789473684 0.1067251461988304 0.056578947368421055 0.11257309941520467
0 0.7393092105263158 0.13815789473684212 0.05032894736842105 0.10380116959064327
0 0.030098684210526316 0.5058479532163743 0.05230263157894737 0.14181286549707603
0 0.06891447368421053 0.3972953216374269 0.022697368421052633 0.06505847953216375
0 0.05674342105263158 0.4130116959064328 0.01875 0.049707602339181284
0 0.27154605263157894 0.1388888888888889 0.05493421052631579 0.11403508771929824
0 0.24967105263157896 0.13998538011695907 0.023026315789473683 0.05921052631578947
0 0.3894736842105263 0.04788011695906433 0.05197368421052632 0.041666666666666664
0 0.4105263157894737 0.03435672514619883 0.025657894736842105 0.038011695906432746
0 0.36332236842105264 0.051535087719298246 0.029276315789473685 0.03728070175438596
0 0.5597039473684211 0.03326023391812866 0.03585526315789474 0.051900584795321635
