0 0.6465460526315789 0.3841374269005848 0.26480263157894735 0.6103801169590644
0 0.20970394736842105 0.41812865497076024 0.20559210526315788 0.48391812865497075
0 0.8365131578947368 0.37719298245614036 0.18157894736842106 0.3260233918128655
0 0.09407894736842105 0.46381578947368424 0.11578947368421053 0.2507309941520468
0 0.5875 0.05043859649122807 0.06776315789473684 0.09064327485380116
0 0.6495065789473684 0.07931286549707603 0.06085526315789474 0.08406432748538012
0 0.6960526315789474 0.10855263157894737 0.05526315789473684 0.09283625730994152
0 0.7560855263157895 0.17945906432748537 0.09375 0.125
0 0.1631578947368421 0.2576754385964912 0.04868421052631579 0.09283625730994152
0 0.23026315789473684 0.16447368421052633 0.03289473684210526 0.0891812865497076
0 0.2692434210526316 0.13998538011695907 0.048355263157894735 0.09429824561403509
0 0.3223684210526316 0.10160818713450293 0.0756578947368421 0.1301169590643275
0 0.38717105263157897 0.07383040935672515 0.060526315789473685 0.09502923976608187
0 0.44835526315789476 0.0581140350877193 0.057236842105263155 0.09283625730994152
0 0.078125 0.39108187134502925 0.030592105263157896 0.07017543859649122
1 0.13223684210526315 0.6301169590643275 0.028289473684210528 0.029239766081871343
1 0.68125 0.6461988304093568 0.05 0.04093567251461988
3 0.7078947368421052 0.5409356725146199 0.01644736842105263 0.04239766081871345
