0 0.232666015625 0.4266129032258065 0.10693359375 0.20806451612903226
0 0.341796875 0.4075268817204301 0.1494140625 0.278494623655914
0 0.494873046875 0.39865591397849465 0.103515625 0.2403225806451613
0 0.6048583984375 0.3903225806451613 0.135986328125 0.23548387096774193
1 0.6368408203125 0.42338709677419356 0.016845703125 0.012365591397849462
1 0.49658203125 0.42768817204301074 0.0380859375 0.026344086021505377
1 0.3128662109375 0.4459677419354839 0.034912109375 0.02849462365591398
1 0.1998291015625 0.5026881720430108 0.016357421875 0.016129032258064516
3 0.640869140625 0.4043010752688172 0.00634765625 0.010752688172043012
3 0.4969482421875 0.4056451612903226 0.007568359375 0.015591397849462365
3 0.308837890625 0.4220430107526882 0.00927734375 0.017204301075268817
0 0.0760498046875 0.5 0.056396484375 0.07741935483870968
0 0.71630859375 0.4120967741935484 0.115234375 0.19946236559139785
0 0.7652587890625 0.40483870967741936 0.082275390625 0.17419354838709677
0 0.8172607421875 0.4295698924731183 0.046630859375 0.14086021505376345
0 0.705322265625 0.30510752688172044 0.04052734375 0.06612903225806452
0 0.671875 0.28655913978494624 0.05419921875 0.06881720430107527
0 0.641845703125 0.2870967741935484 0.04833984375 0.060215053763440864
0 0.6016845703125 0.2618279569892473 0.043212890625 0.04516129032258064
0 0.556396484375 0.2663978494623656 0.05029296875 0.07903225806451612
0 0.510498046875 0.26908602150537636 0.03955078125 0.07258064516129033
0 0.4652099609375 0.2685483870967742 0.041259765625 0.07903225806451612
0 0.4176025390625 0.2706989247311828 0.044677734375 0.07795698924731183
0 0.20751953125 0.3567204301075269 0.037109375 0.07043010752688172
0 0.185546875 0.37311827956989246 0.03125 0.06666666666666667
0 0.1693115234375 0.3825268817204301 0.031982421875 0.06505376344086021
0 0.15234375 0.3946236559139785 0.021484375 0.05698924731182796
0 0.1171875 0.41693548387096774 0.02294921875 0.05967741935483871
1 0.758544921875 0.46048387096774196 0.01416015625 0.015591397849462365
1 0.795166015625 0.443010752688172 0.0078125 0.01827956989247312
3 0.761962890625 0.43951612903225806 0.00341796875 0.00913978494623656
3 0.5684814453125 0.27043010752688174 0.002685546875 0.004301075268817204
3 0.46533203125 0.278494623655914 0.00390625 0.004301075268817204
3 0.4130859375 0.2771505376344086 0.00341796875 0.003763440860215054
1 0.4134521484375 0.2903225806451613 0.011474609375 0.008602150537634409
1 0.193115234375 0.3841397849462366 0.00537109375 0.006989247311827957
1 0.174072265625 0.39381720430107525 0.0029296875 0.003763440860215054
1 0.156005859375 0.4080645161290323 0.0029296875 0.0064516129032258064
1 0.1439208984375 0.4129032258064516 0.003173828125 0.005376344086021506
1 0.1322021484375 0.4241935483870968 0.002197265625 0.0064516129032258064
3 0.14306640625 0.4075268817204301 0.00146484375 0.0032258064516129032
3 0.173583984375 0.38870967741935486 0.0009765625 0.0032258064516129032
3 0.19287109375 0.3736559139784946 0.00146484375 0.004301075268817204
