0 0.3507080078125 0.4018817204301075 0.136474609375 0.2489247311827957
0 0.4849853515625 0.37768817204301075 0.104736328125 0.22849462365591397
0 0.61279296875 0.3889784946236559 0.16748046875 0.28655913978494624
1 0.3203125 0.4381720430107527 0.03173828125 0.026881720430107527
1 0.6533203125 0.42096774193548386 0.0205078125 0.030107526881720432
1 0.4869384765625 0.38763440860215054 0.033447265625 0.021505376344086023
3 0.65771484375 0.3948924731182796 0.00830078125 0.015591397849462365
3 0.48828125 0.3650537634408602 0.00634765625 0.011827956989247311
0 0.078857421875 0.4967741935483871 0.0654296875 0.08279569892473118
0 0.727294921875 0.4112903225806452 0.078125 0.1827956989247312
0 0.76953125 0.4220430107526882 0.08837890625 0.16129032258064516
0 0.80859375 0.42473118279569894 0.06591796875 0.13763440860215054
0 0.730224609375 0.3102150537634409 0.04638671875 0.07526881720430108
0 0.7540283203125 0.3309139784946237 0.030517578125 0.05860215053763441
0 0.7020263671875 0.30591397849462365 0.042724609375 0.06236559139784946
0 0.5147705078125 0.26908602150537636 0.040771484375 0.07258064516129033
0 0.41650390625 0.2739247311827957 0.04541015625 0.07150537634408602
0 0.3721923828125 0.2731182795698925 0.046142578125 0.05268817204301075
0 0.3023681640625 0.306989247311828 0.051513671875 0.07419354838709677
0 0.264892578125 0.3247311827956989 0.04248046875 0.07311827956989247
0 0.2391357421875 0.3370967741935484 0.035888671875 0.06344086021505377
0 0.2098388671875 0.35376344086021505 0.045654296875 0.07634408602150537
0 0.18017578125 0.37231182795698925 0.029296875 0.06935483870967742
0 0.1651611328125 0.3860215053763441 0.029541015625 0.05698924731182796
0 0.1480712890625 0.3946236559139785 0.041259765625 0.07634408602150537
1 0.7481689453125 0.45 0.015869140625 0.017204301075268817
1 0.8017578125 0.48736559139784946 0.01171875 0.014516129032258065
3 0.8045654296875 0.44946236559139785 0.003173828125 0.007526881720430108
3 0.75244140625 0.4303763440860215 0.00390625 0.00913978494623656
3 0.7501220703125 0.3411290322580645 0.002197265625 0.002688172043010753
3 0.7174072265625 0.3225806451612903 0.002197265625 0.004301075268817204
1 0.717041015625 0.3295698924731183 0.0068359375 0.008602150537634409
1 0.766357421875 0.35376344086021505 0.0029296875 0.004301075268817204
1 0.412841796875 0.2991935483870968 0.01123046875 0.008064516129032258
3 0.411865234375 0.289247311827957 0.00390625 0.00967741935483871
1 0.28564453125 0.3282258064516129 0.00830078125 0.00913978494623656
3 0.2852783203125 0.3204301075268817 0.001708984375 0.004301075268817204
3 0.250244140625 0.3395161290322581 0.00244140625 0.004838709677419355
1 0.2508544921875 0.34838709677419355 0.007568359375 0.008602150537634409
1 0.2279052734375 0.3456989247311828 0.005126953125 0.008602150537634409
1 0.192626953125 0.3836021505376344 0.00439453125 0.005913978494623656
1 0.17041015625 0.39543010752688174 0.00439453125 0.005913978494623656
1 0.15380859375 0.39946236559139786 0.00390625 0.004301075268817204
3 0.1915283203125 0.37338709677419357 0.002197265625 0.005913978494623656
3 0.1695556640625 0.3889784946236559 0.001708984375 0.004838709677419355
