0 0.6236842105263158 0.4133771929824561 0.24407894736842106 0.6615497076023392
0 0.7672697368421053 0.36403508771929827 0.19769736842105262 0.4678362573099415
0 0.20855263157894738 0.3925438596491228 0.23684210526315788 0.5423976608187134
1 0.6508223684210527 0.7130847953216374 0.07269736842105264 0.029970760233918127
3 0.6592105263157895 0.6652046783625731 0.023026315789473683 0.038011695906432746
3 0.8513157894736842 0.5014619883040936 0.013157894736842105 0.01608187134502924
0 0.06924342105263158 0.4682017543859649 0.0805921052631579 0.14985380116959066
0 0.03190789473684211 0.49488304093567254 0.03881578947368421 0.11257309941520467
0 0.38585526315789476 0.06944444444444445 0.06644736842105263 0.10964912280701754
0 0.4449013157894737 0.05884502923976608 0.05690789473684211 0.08845029239766082
0 0.515296052631579 0.05007309941520468 0.055592105263157894 0.08991228070175439
0 0.6128289473684211 0.07383040935672515 0.1013157894736842 0.1388888888888889
0 0.690625 0.10087719298245613 0.05493421052631579 0.07894736842105263
0 0.7342105263157894 0.12938596491228072 0.05131578947368421 0.0891812865497076
0 0.8389802631578948 0.29751461988304095 0.08322368421052631 0.15204678362573099
0 0.3268092105263158 0.10380116959064327 0.06151315789473684 0.09502923976608187
0 0.28421052631578947 0.10599415204678363 0.05131578947368421 0.06578947368421052
0 0.15707236842105263 0.26096491228070173 0.02993421052631579 0.08771929824561403
0 0.1417763157894737 0.2817982456140351 0.028289473684210528 0.08406432748538012
0 0.12911184210526316 0.2858187134502924 0.02006578947368421 0.04532163742690058
0 0.11529605263157895 0.30628654970760233 0.014144736842105264 0.03654970760233918
0 0.10855263157894737 0.31542397660818716 0.017105263157894738 0.0445906432748538
0 0.08486842105263158 0.3823099415204678 0.03355263157894737 0.06871345029239766
0 0.06743421052631579 0.3980263157894737 0.015789473684210527 0.05043859649122807
