0 0.48291015625 0.35080645161290325 0.1455078125 0.32741935483870965
0 0.30078125 0.47258064516129034 0.2177734375 0.43333333333333335
0 0.1727294921875 0.4905913978494624 0.152587890625 0.31451612903225806
1 0.481201171875 0.3922043010752688 0.04833984375 0.031720430107526884
1 0.2305908203125 0.5739247311827957 0.040283203125 0.03924731182795699
3 0.48291015625 0.36129032258064514 0.00927734375 0.017204301075268817
3 0.2218017578125 0.5448924731182796 0.009521484375 0.020967741935483872
0 0.12353515625 0.4801075268817204 0.07080078125 0.1956989247311828
0 0.331787109375 0.21693548387096775 0.05615234375 0.09408602150537634
0 0.3775634765625 0.20161290322580644 0.053955078125 0.08817204301075268
0 0.4296875 0.1836021505376344 0.0498046875 0.09516129032258064
0 0.4844970703125 0.16048387096774194 0.044189453125 0.06505376344086021
0 0.54248046875 0.18306451612903227 0.0498046875 0.08763440860215053
0 0.59521484375 0.1879032258064516 0.05322265625 0.09193548387096774
0 0.64404296875 0.20483870967741935 0.05615234375 0.08924731182795699
0 0.690185546875 0.22338709677419355 0.0556640625 0.08333333333333333
0 0.7283935546875 0.24381720430107526 0.045654296875 0.08655913978494624
0 0.753662109375 0.25268817204301075 0.0615234375 0.10967741935483871
0 0.7850341796875 0.27956989247311825 0.024658203125 0.07096774193548387
0 0.798095703125 0.28897849462365593 0.04541015625 0.08978494623655914
0 0.820556640625 0.30913978494623656 0.02783203125 0.07204301075268817
0 0.8355712890625 0.32365591397849464 0.028564453125 0.06774193548387097
0 0.846923828125 0.3338709677419355 0.02783203125 0.06774193548387097
0 0.8524169921875 0.3381720430107527 0.024169921875 0.060215053763440864
0 0.8631591796875 0.3478494623655914 0.031005859375 0.06774193548387097
0 0.8822021484375 0.3688172043010753 0.025146484375 0.05591397849462366
0 0.89501953125 0.38629032258064516 0.01904296875 0.04247311827956989
0 0.9202880859375 0.4266129032258065 0.027099609375 0.05
1 0.9151611328125 0.40241935483870966 0.017333984375 0.01881720430107527
1 0.892822265625 0.39301075268817204 0.001953125 0.0032258064516129032
1 0.87548828125 0.3763440860215054 0.00244140625 0.005376344086021506
1 0.85888671875 0.3610215053763441 0.0029296875 0.003763440860215054
1 0.8465576171875 0.35053763440860214 0.003173828125 0.005376344086021506
1 0.83154296875 0.33763440860215055 0.00341796875 0.0064516129032258064
1 0.816650390625 0.3239247311827957 0.00390625 0.008064516129032258
1 0.79248046875 0.30376344086021506 0.00439453125 0.008602150537634409
1 0.779541015625 0.29435483870967744 0.005859375 0.00913978494623656
1 0.7431640625 0.27231182795698927 0.00634765625 0.008064516129032258
1 0.707763671875 0.23333333333333334 0.00732421875 0.00967741935483871
1 0.65966796875 0.23118279569892472 0.009765625 0.00967741935483871
1 0.60595703125 0.20967741935483872 0.00927734375 0.0064516129032258064
1 0.5487060546875 0.2056451612903226 0.009033203125 0.01021505376344086
1 0.4237060546875 0.20430107526881722 0.013916015625 0.00967741935483871
1 0.364990234375 0.22473118279569892 0.00830078125 0.008602150537634409
1 0.3150634765625 0.24086021505376345 0.007568359375 0.007526881720430108
3 0.314697265625 0.23333333333333334 0.00341796875 0.005376344086021506
3 0.364501953125 0.21344086021505376 0.0029296875 0.0064516129032258064
3 0.4227294921875 0.1870967741935484 0.004638671875 0.007526881720430108
3 0.5489501953125 0.19462365591397848 0.004638671875 0.007526881720430108
3 0.6060791015625 0.2013440860215054 0.003662109375 0.005913978494623656
3 0.66064453125 0.21827956989247313 0.00341796875 0.0064516129032258064
3 0.7088623046875 0.22795698924731184 0.009033203125 0.007526881720430108
3 0.7442626953125 0.2639784946236559 0.002197265625 0.005376344086021506
3 0.7926025390625 0.29758064516129035 0.001708984375 0.003763440860215054
3 0.912353515625 0.41155913978494624 0.0029296875 0.005913978494623656
1 0.11572265625 0.5744623655913978 0.0126953125 0.025268817204301075
1 0.1025390625 0.5645161290322581 0.00830078125 0.015053763440860216
