0 0.3383223684210526 0.3742690058479532 0.25296052631578947 0.6783625730994152
0 0.140625 0.4455409356725146 0.17664473684210527 0.33260233918128657
0 0.8363486842105263 0.38706140350877194 0.17993421052631578 0.3194444444444444
0 0.5167763157894737 0.05592105263157895 0.05460526315789474 0.09283625730994152
0 0.587171052631579 0.05847953216374269 0.07434210526315789 0.11695906432748537
0 0.6470394736842106 0.07748538011695906 0.06381578947368421 0.12573099415204678
0 0.7023026315789473 0.11440058479532164 0.05263157894736842 0.1074561403508772
0 0.7386513157894737 0.1301169590643275 0.06743421052631579 0.13596491228070176
0 0.44588815789473685 0.05884502923976608 0.044407894736842105 0.09137426900584796
0 0.2712171052631579 0.1337719298245614 0.06019736842105263 0.1154970760233918
0 0.23009868421052632 0.17470760233918128 0.03585526315789474 0.09502923976608187
0 0.7980263157894737 0.18055555555555555 0.05460526315789474 0.09064327485380116
0 0.20345394736842104 0.20431286549707603 0.04572368421052632 0.10599415204678363
0 0.1736842105263158 0.2361111111111111 0.03223684210526316 0.10087719298245613
0 0.14967105263157895 0.2737573099415205 0.025 0.07675438596491228
0 0.13355263157894737 0.2916666666666667 0.023026315789473683 0.07894736842105263
1 0.2970394736842105 0.6736111111111112 0.07302631578947369 0.03728070175438596
1 0.603125 0.08260233918128655 0.014802631578947368 0.013157894736842105
1 0.5202302631578948 0.08114035087719298 0.016776315789473684 0.01023391812865497
1 0.6629934210526316 0.10562865497076024 0.008881578947368421 0.012426900584795321
1 0.7169407894736842 0.1516812865497076 0.006907894736842105 0.00804093567251462
3 0.27976973684210527 0.6129385964912281 0.020723684210526314 0.03289473684210526
3 0.5190789473684211 0.06652046783625731 0.006578947368421052 0.011695906432748537
3 0.6050986842105263 0.06725146198830409 0.009539473684210526 0.01023391812865497
0 0.06019736842105263 0.4788011695906433 0.06973684210526315 0.1608187134502924
0 0.02730263157894737 0.5175438596491229 0.030921052631578946 0.10964912280701754
0 0.022203947368421052 0.5098684210526315 0.03125 0.09576023391812866
0 0.08388157894736842 0.3830409356725146 0.031578947368421054 0.07163742690058479
0 0.06875 0.39766081871345027 0.01644736842105263 0.06140350877192982
