0 0.59375 0.36878654970760233 0.2578947368421053 0.7375730994152047
0 0.3245065789473684 0.3406432748538012 0.2832236842105263 0.6812865497076024
0 0.25279605263157895 0.6425438596491229 0.06348684210526316 0.05116959064327485
0 0.8692434210526315 0.40497076023391815 0.1174342105263158 0.28362573099415206
0 0.16529605263157895 0.40021929824561403 0.14901315789473685 0.4510233918128655
0 0.11463815789473684 0.39985380116959063 0.13453947368421051 0.3669590643274854
0 0.22828947368421051 0.08881578947368421 0.03289473684210526 0.10307017543859649
0 0.7620065789473685 0.1703216374269006 0.11611842105263158 0.20906432748538012
1 0.6199013157894737 0.6973684210526315 0.07401315789473684 0.03508771929824561
3 0.6310855263157895 0.5844298245614035 0.014802631578947368 0.03728070175438596
3 0.2225328947368421 0.528874269005848 0.010197368421052632 0.025584795321637425
0 0.6620065789473685 0.036915204678362575 0.06282894736842105 0.07383040935672515
0 0.7083881578947369 0.04678362573099415 0.05296052631578947 0.0935672514619883
0 0.7480263157894737 0.06725146198830409 0.038157894736842106 0.05116959064327485
0 0.780921052631579 0.10562865497076024 0.04013157894736842 0.08114035087719298
0 0.8139802631578947 0.17178362573099415 0.03453947368421053 0.1154970760233918
0 0.8314144736842105 0.2013888888888889 0.023355263157894737 0.09137426900584796
0 0.8496710526315789 0.23830409356725146 0.025657894736842105 0.09064327485380116
0 0.17023026315789475 0.17214912280701755 0.024671052631578948 0.0533625730994152
0 0.15394736842105264 0.19188596491228072 0.014473684210526316 0.041666666666666664
0 0.27269736842105263 0.061769005847953216 0.05131578947368421 0.11038011695906433
