0 0.6793212890625 0.4188172043010753 0.186767578125 0.3602150537634409
0 0.498779296875 0.5153225806451613 0.29052734375 0.5553763440860215
0 0.27880859375 0.5 0.26513671875 0.5451612903225806
1 0.720947265625 0.5720430107526882 0.03759765625 0.03225806451612903
1 0.499755859375 0.6956989247311828 0.048828125 0.05913978494623656
1 0.1876220703125 0.6327956989247312 0.022216796875 0.02795698924731183
3 0.7384033203125 0.4825268817204301 0.009033203125 0.01881720430107527
3 0.5037841796875 0.6370967741935484 0.019775390625 0.030107526881720432
3 0.17529296875 0.5911290322580646 0.00830078125 0.02204301075268817
0 0.1553955078125 0.48655913978494625 0.100341796875 0.28817204301075267
0 0.12060546875 0.4938172043010753 0.08154296875 0.21989247311827956
0 0.1925048828125 0.325 0.061279296875 0.10376344086021505
0 0.33251953125 0.20510752688172043 0.05419921875 0.06827956989247312
0 0.378173828125 0.1956989247311828 0.0546875 0.08602150537634409
0 0.4281005859375 0.18387096774193548 0.049072265625 0.09032258064516129
0 0.48779296875 0.1774193548387097 0.0400390625 0.07956989247311828
0 0.5418701171875 0.18091397849462365 0.047607421875 0.08118279569892473
0 0.5950927734375 0.18870967741935485 0.055419921875 0.08924731182795699
0 0.645263671875 0.20241935483870968 0.056640625 0.08978494623655914
0 0.6846923828125 0.21854838709677418 0.047607421875 0.08655913978494624
0 0.717041015625 0.2314516129032258 0.04931640625 0.08978494623655914
0 0.7542724609375 0.25806451612903225 0.047607421875 0.08494623655913978
0 0.7821044921875 0.2779569892473118 0.037841796875 0.08064516129032258
0 0.7987060546875 0.28897849462365593 0.036376953125 0.07795698924731183
0 0.8177490234375 0.30349462365591395 0.025634765625 0.06505376344086021
0 0.8311767578125 0.31370967741935485 0.046630859375 0.09623655913978495
0 0.861572265625 0.34946236559139787 0.02587890625 0.060215053763440864
1 0.1219482421875 0.5720430107526882 0.013916015625 0.01827956989247312
1 0.17041015625 0.3634408602150538 0.0068359375 0.00967741935483871
3 0.168701171875 0.3556451612903226 0.00244140625 0.008064516129032258
3 0.3165283203125 0.2325268817204301 0.003173828125 0.005913978494623656
3 0.3656005859375 0.2120967741935484 0.003662109375 0.006989247311827957
3 0.4210205078125 0.19435483870967743 0.003662109375 0.006989247311827957
1 0.3665771484375 0.22258064516129034 0.012451171875 0.010752688172043012
1 0.42138671875 0.20483870967741935 0.01416015625 0.010752688172043012
1 0.4893798828125 0.19731182795698926 0.011474609375 0.00967741935483871
1 0.547119140625 0.20430107526881722 0.01318359375 0.007526881720430108
1 0.60791015625 0.21263440860215055 0.0078125 0.01129032258064516
3 0.5472412109375 0.19301075268817205 0.002197265625 0.004301075268817204
3 0.6083984375 0.20080645161290323 0.00341796875 0.006989247311827957
3 0.7333984375 0.2537634408602151 0.00244140625 0.004301075268817204
3 0.6619873046875 0.21693548387096775 0.001708984375 0.003763440860215054
3 0.699462890625 0.2260752688172043 0.00244140625 0.002688172043010753
1 0.6614990234375 0.2271505376344086 0.009521484375 0.008064516129032258
1 0.698486328125 0.24274193548387096 0.009765625 0.01129032258064516
1 0.733154296875 0.26129032258064516 0.005859375 0.010752688172043012
1 0.7723388671875 0.28763440860215056 0.006103515625 0.008602150537634409
1 0.7972412109375 0.306989247311828 0.003662109375 0.0064516129032258064
3 0.7733154296875 0.27983870967741936 0.001708984375 0.004838709677419355
3 0.798095703125 0.3 0.00146484375 0.005376344086021506
3 0.8131103515625 0.3096774193548387 0.001220703125 0.0032258064516129032
3 0.8284912109375 0.32231182795698926 0.001220703125 0.002688172043010753
1 0.8126220703125 0.3150537634408602 0.004638671875 0.0064516129032258064
1 0.827880859375 0.328494623655914 0.00341796875 0.005376344086021506
