0 0.82421875 0.45806451612903226 0.1083984375 0.14623655913978495
0 0.23681640625 0.4056451612903226 0.1328125 0.17580645161290323
0 0.1717529296875 0.42123655913978497 0.076904296875 0.1575268817204301
0 0.1473388671875 0.4241935483870968 0.062255859375 0.12903225806451613
0 0.1236572265625 0.431989247311828 0.048583984375 0.11021505376344086
0 0.0980224609375 0.4435483870967742 0.038818359375 0.08387096774193549
0 0.8826904296875 0.4801075268817204 0.044189453125 0.1010752688172043
0 0.783447265625 0.3577956989247312 0.02978515625 0.06505376344086021
0 0.763427734375 0.34408602150537637 0.037109375 0.07741935483870968
0 0.7364501953125 0.328494623655914 0.036376953125 0.07849462365591398
0 0.7130126953125 0.31666666666666665 0.046630859375 0.08279569892473118
0 0.6822509765625 0.2991935483870968 0.043701171875 0.08118279569892473
0 0.6484375 0.28521505376344086 0.048828125 0.08870967741935484
0 0.6063232421875 0.2763440860215054 0.049560546875 0.07634408602150537
0 0.563232421875 0.2586021505376344 0.041015625 0.08494623655913978
0 0.5135498046875 0.2510752688172043 0.031982421875 0.07419354838709677
0 0.468994140625 0.25161290322580643 0.0400390625 0.07634408602150537
0 0.42236328125 0.2540322580645161 0.04638671875 0.07580645161290323
0 0.3785400390625 0.2618279569892473 0.047607421875 0.07311827956989247
0 0.339111328125 0.26908602150537636 0.04638671875 0.07580645161290323
0 0.303466796875 0.28440860215053765 0.041015625 0.06559139784946237
0 0.2772216796875 0.2903225806451613 0.040283203125 0.06344086021505377
0 0.2547607421875 0.289247311827957 0.044677734375 0.07204301075268817
0 0.2286376953125 0.3056451612903226 0.044189453125 0.07365591397849462
0 0.191650390625 0.328494623655914 0.0380859375 0.060215053763440864
0 0.171142578125 0.34220430107526884 0.0322265625 0.0553763440860215
1 0.1810302734375 0.4443548387096774 0.011962890625 0.014516129032258065
1 0.1439208984375 0.4629032258064516 0.007568359375 0.00967741935483871
1 0.120361328125 0.45725806451612905 0.00439453125 0.01129032258064516
1 0.1031494140625 0.4599462365591398 0.003662109375 0.006989247311827957
1 0.8890380859375 0.503494623655914 0.004150390625 0.008064516129032258
3 0.17822265625 0.4314516129032258 0.00390625 0.008064516129032258
1 0.7283935546875 0.3432795698924731 0.006103515625 0.006989247311827957
1 0.7508544921875 0.35376344086021505 0.006103515625 0.008602150537634409
1 0.778076171875 0.3688172043010753 0.00537109375 0.007526881720430108
1 0.79443359375 0.3836021505376344 0.00439453125 0.005913978494623656
3 0.729248046875 0.33682795698924733 0.001953125 0.004838709677419355
3 0.751708984375 0.3443548387096774 0.001953125 0.004838709677419355
3 0.7783203125 0.3596774193548387 0.0009765625 0.004301075268817204
3 0.79443359375 0.37768817204301075 0.00146484375 0.003763440860215054
3 0.61767578125 0.2903225806451613 0.00439453125 0.00967741935483871
3 0.662109375 0.29516129032258065 0.001953125 0.004301075268817204
3 0.696044921875 0.3118279569892473 0.001953125 0.005376344086021506
1 0.6951904296875 0.3217741935483871 0.008544921875 0.00913978494623656
1 0.6605224609375 0.31370967741935485 0.008544921875 0.008064516129032258
1 0.616943359375 0.29973118279569894 0.01025390625 0.006989247311827957
1 0.566162109375 0.2806451612903226 0.0087890625 0.005376344086021506
1 0.4656982421875 0.2709677419354839 0.011474609375 0.007526881720430108
1 0.5191650390625 0.2739247311827957 0.010498046875 0.008064516129032258
3 0.465576171875 0.2599462365591398 0.00244140625 0.008064516129032258
3 0.5667724609375 0.2663978494623656 0.003662109375 0.006989247311827957
3 0.4127197265625 0.260752688172043 0.002685546875 0.005376344086021506
3 0.36669921875 0.27123655913978495 0.0029296875 0.006989247311827957
3 0.324951171875 0.28413978494623654 0.001953125 0.003763440860215054
1 0.3251953125 0.2913978494623656 0.00537109375 0.00967741935483871
1 0.3670654296875 0.278494623655914 0.006591796875 0.0064516129032258064
1 0.412841796875 0.2752688172043011 0.0107421875 0.008602150537634409
1 0.290283203125 0.3032258064516129 0.00634765625 0.005376344086021506
1 0.2635498046875 0.31155913978494626 0.006591796875 0.006989247311827957
1 0.2374267578125 0.3172043010752688 0.004638671875 0.005376344086021506
1 0.21142578125 0.3389784946236559 0.0029296875 0.006989247311827957
3 0.289794921875 0.29516129032258065 0.00244140625 0.005376344086021506
3 0.2633056640625 0.30483870967741933 0.002685546875 0.005376344086021506
3 0.236572265625 0.3110215053763441 0.00146484375 0.002688172043010753
