0 0.361083984375 0.48655913978494625 0.25537109375 0.5559139784946237
0 0.218505859375 0.4666666666666667 0.17626953125 0.3763440860215054
0 0.6951904296875 0.5091397849462366 0.332763671875 0.556989247311828
0 0.12060546875 0.5102150537634409 0.07470703125 0.24838709677419354
0 0.1131591796875 0.4798387096774194 0.082763671875 0.18763440860215053
0 0.8580322265625 0.4599462365591398 0.072021484375 0.2295698924731183
0 0.9088134765625 0.4846774193548387 0.057861328125 0.1639784946236559
0 0.8963623046875 0.48736559139784946 0.053466796875 0.17473118279569894
0 0.8250732421875 0.3231182795698925 0.043701171875 0.08172043010752689
0 0.8975830078125 0.4096774193548387 0.029052734375 0.035483870967741936
0 0.683837890625 0.22258064516129034 0.056640625 0.06989247311827956
0 0.6324462890625 0.210752688172043 0.056396484375 0.08709677419354839
0 0.5830078125 0.19543010752688172 0.0478515625 0.07473118279569893
0 0.524658203125 0.1870967741935484 0.04931640625 0.08924731182795699
0 0.4639892578125 0.19032258064516128 0.046142578125 0.08064516129032258
0 0.413818359375 0.18494623655913978 0.05908203125 0.07311827956989247
0 0.3612060546875 0.20483870967741935 0.062744140625 0.09032258064516129
0 0.248046875 0.2674731182795699 0.04638671875 0.08333333333333333
0 0.2783203125 0.24973118279569892 0.05029296875 0.08655913978494624
0 0.3179931640625 0.22795698924731184 0.053466796875 0.0913978494623656
1 0.7862548828125 0.35833333333333334 0.065673828125 0.07150537634408602
1 0.3067626953125 0.624731182795699 0.047119140625 0.054838709677419356
1 0.1658935546875 0.5739247311827957 0.015380859375 0.017741935483870968
1 0.0906982421875 0.578494623655914 0.008544921875 0.012903225806451613
1 0.076171875 0.5344086021505376 0.00439453125 0.010752688172043012
1 0.06884765625 0.557258064516129 0.00390625 0.01129032258064516
1 0.7967529296875 0.5741935483870968 0.015380859375 0.021505376344086023
1 0.8701171875 0.5612903225806452 0.0126953125 0.015053763440860216
1 0.23095703125 0.30134408602150536 0.00732421875 0.00913978494623656
1 0.2626953125 0.2793010752688172 0.00830078125 0.008064516129032258
1 0.30078125 0.2599462365591398 0.0078125 0.008064516129032258
3 0.7802734375 0.2991935483870968 0.01806640625 0.02849462365591398
3 0.294921875 0.5661290322580645 0.0146484375 0.02795698924731183
3 0.1552734375 0.5408602150537635 0.005859375 0.016129032258064516
3 0.8101806640625 0.5037634408602151 0.005126953125 0.016129032258064516
3 0.8853759765625 0.5040322580645161 0.003662109375 0.01021505376344086
1 0.462158203125 0.21397849462365592 0.00927734375 0.00967741935483871
1 0.52880859375 0.20967741935483872 0.0146484375 0.00967741935483871
1 0.591064453125 0.21854838709677418 0.01123046875 0.01021505376344086
1 0.64501953125 0.23548387096774193 0.01220703125 0.011827956989247311
3 0.2298583984375 0.2911290322580645 0.001708984375 0.004838709677419355
3 0.261474609375 0.27231182795698927 0.00244140625 0.005913978494623656
3 0.2991943359375 0.25053763440860216 0.002685546875 0.004301075268817204
3 0.46142578125 0.20295698924731181 0.00439453125 0.006989247311827957
3 0.5289306640625 0.19811827956989247 0.003662109375 0.004838709677419355
3 0.64599609375 0.2239247311827957 0.00390625 0.006989247311827957
3 0.0849609375 0.5580645161290323 0.001953125 0.008602150537634409
