0 0.6826171875 0.48198924731182796 0.23095703125 0.4478494623655914
0 0.4798583984375 0.48118279569892475 0.187744140625 0.5494623655913978
0 0.2857666015625 0.4962365591397849 0.227783203125 0.44516129032258067
1 0.2091064453125 0.6118279569892473 0.035888671875 0.034408602150537634
1 0.4820556640625 0.6115591397849462 0.023681640625 0.04032258064516129
1 0.7650146484375 0.589247311827957 0.032470703125 0.03978494623655914
3 0.481201171875 0.5774193548387097 0.01171875 0.02903225806451613
3 0.773681640625 0.5489247311827957 0.0068359375 0.017204301075268817
0 0.1673583984375 0.5026881720430108 0.130126953125 0.3043010752688172
0 0.120361328125 0.4924731182795699 0.07470703125 0.2032258064516129
0 0.3311767578125 0.2161290322580645 0.049560546875 0.09032258064516129
0 0.375 0.19973118279569893 0.05615234375 0.08870967741935484
0 0.4288330078125 0.18306451612903227 0.051025390625 0.09301075268817205
0 0.4871826171875 0.17446236559139786 0.042724609375 0.08548387096774193
0 0.5433349609375 0.17849462365591398 0.050048828125 0.08494623655913978
0 0.597412109375 0.1922043010752688 0.05810546875 0.08763440860215053
0 0.643798828125 0.20241935483870968 0.056640625 0.08978494623655914
0 0.688720703125 0.2217741935483871 0.0537109375 0.08655913978494624
0 0.7265625 0.2403225806451613 0.05126953125 0.08817204301075268
0 0.7532958984375 0.2540322580645161 0.041748046875 0.08548387096774193
0 0.7818603515625 0.2731182795698925 0.034423828125 0.07849462365591398
0 0.8028564453125 0.2916666666666667 0.031005859375 0.07365591397849462
0 0.8216552734375 0.30913978494623656 0.028076171875 0.07204301075268817
0 0.8349609375 0.3225806451612903 0.0302734375 0.06881720430107527
3 0.1112060546875 0.5755376344086022 0.004638671875 0.012365591397849462
1 0.09619140625 0.5776881720430107 0.00830078125 0.01881720430107527
1 0.3187255859375 0.24220430107526883 0.008056640625 0.01021505376344086
1 0.363037109375 0.22473118279569892 0.0107421875 0.010752688172043012
1 0.4215087890625 0.2064516129032258 0.013427734375 0.008602150537634409
1 0.4884033203125 0.19543010752688172 0.014892578125 0.01021505376344086
1 0.5506591796875 0.19865591397849464 0.014892578125 0.01021505376344086
1 0.610595703125 0.21505376344086022 0.0107421875 0.00967741935483871
1 0.66015625 0.22822580645161292 0.00634765625 0.01021505376344086
1 0.7052001953125 0.24838709677419354 0.009033203125 0.008602150537634409
1 0.74462890625 0.27231182795698927 0.0068359375 0.006989247311827957
1 0.7674560546875 0.2806451612903226 0.005615234375 0.007526881720430108
1 0.7950439453125 0.3008064516129032 0.005615234375 0.008064516129032258
1 0.8134765625 0.31827956989247314 0.00390625 0.007526881720430108
3 0.361328125 0.2110215053763441 0.00390625 0.006989247311827957
3 0.4212646484375 0.19489247311827956 0.004150390625 0.008064516129032258
3 0.4886474609375 0.1825268817204301 0.003662109375 0.008064516129032258
3 0.5506591796875 0.18736559139784947 0.004150390625 0.01021505376344086
3 0.6112060546875 0.20430107526881722 0.003173828125 0.007526881720430108
3 0.660888671875 0.21854838709677418 0.00341796875 0.005913978494623656
3 0.74560546875 0.2623655913978495 0.001953125 0.005376344086021506
3 0.7674560546875 0.2739247311827957 0.002197265625 0.003763440860215054
3 0.795166015625 0.2932795698924731 0.001953125 0.004838709677419355
3 0.8138427734375 0.3118279569892473 0.001708984375 0.004301075268817204
