0 0.3703947368421053 0.35453216374269003 0.22894736842105262 0.5087719298245614
0 0.15641447368421052 0.46016081871345027 0.19177631578947368 0.3823099415204678
0 0.796546052631579 0.3055555555555556 0.30625 0.4269005847953216
0 0.21134868421052633 0.2236842105263158 0.03585526315789474 0.10380116959064327
0 0.2449013157894737 0.18494152046783627 0.03782894736842105 0.097953216374269
0 0.2848684210526316 0.14144736842105263 0.05855263157894737 0.11038011695906433
0 0.3347039473684211 0.11038011695906433 0.05361842105263158 0.08771929824561403
0 0.39095394736842104 0.07711988304093567 0.06019736842105263 0.08114035087719298
0 0.4524671052631579 0.05921052631578947 0.05296052631578947 0.09064327485380116
0 0.525 0.05007309941520468 0.05592105263157895 0.10014619883040936
0 0.5889802631578948 0.056286549707602336 0.06611842105263158 0.09649122807017543
0 0.6481907894736842 0.0756578947368421 0.05361842105263158 0.08845029239766082
0 0.6909539473684211 0.08187134502923976 0.04375 0.05701754385964912
0 0.9115131578947369 0.41264619883040937 0.06447368421052632 0.19956140350877194
1 0.34029605263157897 0.5292397660818714 0.0680921052631579 0.04824561403508772
3 0.3213815789473684 0.4455409356725146 0.02368421052631579 0.031432748538011694
