0 0.345458984375 0.4018817204301075 0.12744140625 0.25
0 0.6068115234375 0.3811827956989247 0.156982421875 0.27956989247311825
0 0.7864990234375 0.43010752688172044 0.110595703125 0.14731182795698924
1 0.320556640625 0.4360215053763441 0.03173828125 0.023655913978494623
1 0.6424560546875 0.41451612903225804 0.015869140625 0.011827956989247311
3 0.6461181640625 0.3895161290322581 0.009033203125 0.015591397849462365
0 0.0689697265625 0.49435483870967745 0.048095703125 0.08655913978494624
0 0.0440673828125 0.5080645161290323 0.031982421875 0.06129032258064516
0 0.0322265625 0.5094086021505376 0.03662109375 0.06397849462365592
0 0.5030517578125 0.2508064516129032 0.031494140625 0.06075268817204301
0 0.6993408203125 0.3045698924731183 0.048583984375 0.07473118279569893
0 0.7291259765625 0.317741935483871 0.049560546875 0.07849462365591398
0 0.758056640625 0.3336021505376344 0.03369140625 0.056451612903225805
3 0.5048828125 0.2577956989247312 0.00537109375 0.003763440860215054
1 0.504638671875 0.26586021505376345 0.00927734375 0.004838709677419355
1 0.7171630859375 0.3282258064516129 0.007080078125 0.006989247311827957
1 0.7498779296875 0.34623655913978496 0.004150390625 0.005376344086021506
1 0.769775390625 0.34381720430107526 0.00439453125 0.005913978494623656
3 0.7174072265625 0.3206989247311828 0.002197265625 0.003763440860215054
3 0.75 0.33978494623655914 0.001953125 0.0032258064516129032
3 0.770263671875 0.33844086021505376 0.00146484375 0.003763440860215054
