0 0.350341796875 0.4013440860215054 0.13720703125 0.2478494623655914
0 0.484619140625 0.3790322580645161 0.10498046875 0.23010752688172043
0 0.6123046875 0.3889784946236559 0.16552734375 0.28655913978494624
0 0.72802734375 0.41155913978494624 0.076171875 0.18870967741935485
0 0.7691650390625 0.41935483870967744 0.088623046875 0.16129032258064516
0 0.807373046875 0.42768817204301074 0.06787109375 0.1424731182795699
0 0.109619140625 0.4268817204301075 0.01708984375 0.03978494623655914
0 0.1219482421875 0.4182795698924731 0.023193359375 0.05053763440860215
0 0.1480712890625 0.39704301075268816 0.041748046875 0.08225806451612903
0 0.154541015625 0.3946236559139785 0.02490234375 0.05591397849462366
0 0.1640625 0.3881720430107527 0.0283203125 0.060215053763440864
0 0.1871337890625 0.3672043010752688 0.043701171875 0.08279569892473118
0 0.2100830078125 0.3548387096774194 0.046630859375 0.07956989247311828
0 0.2388916015625 0.33736559139784944 0.036376953125 0.06397849462365592
0 0.265380859375 0.3258064516129032 0.04345703125 0.07526881720430108
0 0.371337890625 0.27419354838709675 0.0478515625 0.05268817204301075
0 0.4168701171875 0.27661290322580645 0.045166015625 0.07580645161290323
0 0.4627685546875 0.24919354838709679 0.038330078125 0.031720430107526884
0 0.5145263671875 0.2698924731182796 0.040771484375 0.07204301075268817
0 0.50390625 0.24247311827956988 0.03076171875 0.04408602150537634
0 0.5341796875 0.25026881720430105 0.01953125 0.043548387096774194
0 0.55517578125 0.2545698924731183 0.04052734375 0.0521505376344086
0 0.5804443359375 0.23387096774193547 0.022705078125 0.023655913978494623
0 0.599365234375 0.24489247311827958 0.03369140625 0.020967741935483872
0 0.6226806640625 0.24489247311827958 0.017333984375 0.014516129032258065
0 0.6748046875 0.2940860215053763 0.044921875 0.05268817204301075
0 0.7021484375 0.3053763440860215 0.04248046875 0.06451612903225806
0 0.7296142578125 0.3094086021505376 0.048095703125 0.07688172043010753
0 0.75439453125 0.3303763440860215 0.03271484375 0.056451612903225805
0 0.7730712890625 0.3400537634408602 0.034912109375 0.05
1 0.6533203125 0.42096774193548386 0.0205078125 0.030107526881720432
1 0.4869384765625 0.3870967741935484 0.032958984375 0.021505376344086023
1 0.3209228515625 0.4373655913978495 0.031494140625 0.026344086021505377
1 0.8016357421875 0.48736559139784946 0.011474609375 0.013440860215053764
1 0.7471923828125 0.4505376344086022 0.021240234375 0.021505376344086023
1 0.227783203125 0.34596774193548385 0.0048828125 0.008064516129032258
1 0.2509765625 0.34838709677419355 0.0078125 0.008602150537634409
1 0.193115234375 0.3841397849462366 0.0048828125 0.005913978494623656
1 0.17041015625 0.39543010752688174 0.00390625 0.004838709677419355
1 0.2857666015625 0.328494623655914 0.008544921875 0.00967741935483871
1 0.4127197265625 0.2994623655913978 0.011962890625 0.00967741935483871
1 0.1123046875 0.4360215053763441 0.00244140625 0.005376344086021506
1 0.130126953125 0.42311827956989245 0.001953125 0.004301075268817204
1 0.145263671875 0.4161290322580645 0.00244140625 0.004301075268817204
1 0.716796875 0.3295698924731183 0.0068359375 0.008602150537634409
1 0.7667236328125 0.3540322580645161 0.005615234375 0.006989247311827957
1 0.749755859375 0.34139784946236557 0.00537109375 0.007526881720430108
1 0.90185546875 0.4790322580645161 0.001953125 0.004301075268817204
3 0.65771484375 0.3946236559139785 0.00830078125 0.016129032258064516
3 0.48828125 0.3650537634408602 0.00634765625 0.011827956989247311
3 0.8045654296875 0.4491935483870968 0.003662109375 0.006989247311827957
3 0.1693115234375 0.38870967741935486 0.001708984375 0.004301075268817204
3 0.1915283203125 0.3736559139784946 0.002197265625 0.005376344086021506
3 0.250244140625 0.33978494623655914 0.00244140625 0.005376344086021506
3 0.28515625 0.3206989247311828 0.00244140625 0.004838709677419355
3 0.4124755859375 0.28897849462365593 0.004150390625 0.01021505376344086
3 0.7523193359375 0.4303763440860215 0.003662109375 0.008064516129032258
3 0.7171630859375 0.32231182795698926 0.002197265625 0.004838709677419355
0 0.0772705078125 0.4938172043010753 0.066650390625 0.07580645161290323
0 0.302734375 0.30752688172043013 0.05078125 0.07526881720430108
