0 0.2965087890625 0.3946236559139785 0.115478515625 0.1860215053763441
0 0.3985595703125 0.392741935483871 0.145751953125 0.23172043010752688
0 0.516357421875 0.38870967741935486 0.11474609375 0.2731182795698925
0 0.642578125 0.4112903225806452 0.14111328125 0.24623655913978496
0 0.7449951171875 0.42311827956989245 0.138427734375 0.23225806451612904
1 0.7900390625 0.4836021505376344 0.01953125 0.02204301075268817
1 0.674560546875 0.44946236559139785 0.033203125 0.026881720430107527
1 0.5150146484375 0.47123655913978496 0.035888671875 0.027419354838709678
1 0.3642578125 0.42338709677419356 0.02734375 0.02204301075268817
1 0.259765625 0.425 0.01904296875 0.016666666666666666
3 0.7957763671875 0.46182795698924733 0.004638671875 0.010752688172043012
3 0.679443359375 0.4293010752688172 0.00927734375 0.012365591397849462
3 0.5155029296875 0.4190860215053763 0.010009765625 0.01881720430107527
3 0.361328125 0.40376344086021504 0.00537109375 0.011827956989247311
3 0.256103515625 0.40940860215053765 0.0029296875 0.01021505376344086
0 0.227294921875 0.4067204301075269 0.08544921875 0.16182795698924732
0 0.0992431640625 0.45376344086021503 0.045654296875 0.05913978494623656
0 0.82568359375 0.4532258064516129 0.09716796875 0.2021505376344086
0 0.8653564453125 0.46774193548387094 0.049560546875 0.14838709677419354
0 0.9000244140625 0.4946236559139785 0.035888671875 0.1086021505376344
0 0.8984375 0.4790322580645161 0.0615234375 0.11720430107526882
0 0.6922607421875 0.2922043010752688 0.042724609375 0.06397849462365592
0 0.6544189453125 0.28091397849462363 0.051513671875 0.08010752688172043
0 0.61083984375 0.26424731182795697 0.04541015625 0.05967741935483871
0 0.568603515625 0.25887096774193546 0.041015625 0.08548387096774193
0 0.51611328125 0.23870967741935484 0.0419921875 0.04408602150537634
0 0.466552734375 0.2489247311827957 0.0458984375 0.07634408602150537
0 0.425537109375 0.25053763440860216 0.04443359375 0.05698924731182796
0 0.3875732421875 0.2586021505376344 0.048095703125 0.07311827956989247
0 0.3480224609375 0.27204301075268816 0.044677734375 0.06451612903225806
0 0.3143310546875 0.28118279569892474 0.045166015625 0.060215053763440864
0 0.2869873046875 0.2948924731182796 0.042724609375 0.06397849462365592
0 0.263427734375 0.3021505376344086 0.04248046875 0.060215053763440864
0 0.2303466796875 0.3241935483870968 0.039794921875 0.06559139784946237
0 0.23974609375 0.31827956989247314 0.029296875 0.05053763440860215
0 0.2078857421875 0.34059139784946235 0.030517578125 0.0553763440860215
0 0.1932373046875 0.3473118279569892 0.031005859375 0.05806451612903226
1 0.19677734375 0.44247311827956987 0.01123046875 0.011827956989247311
3 0.1927490234375 0.4314516129032258 0.002197265625 0.006989247311827957
3 0.8677978515625 0.49489247311827955 0.003173828125 0.00913978494623656
3 0.8863525390625 0.48870967741935484 0.002197265625 0.0064516129032258064
1 0.863525390625 0.5083333333333333 0.00927734375 0.012365591397849462
1 0.8787841796875 0.5260752688172043 0.006591796875 0.01021505376344086
1 0.9127197265625 0.5204301075268817 0.004638671875 0.008602150537634409
1 0.66650390625 0.30672043010752686 0.009765625 0.00913978494623656
1 0.61962890625 0.2884408602150538 0.01025390625 0.005913978494623656
3 0.6199951171875 0.28198924731182795 0.003662109375 0.004838709677419355
3 0.5726318359375 0.26908602150537636 0.003662109375 0.005913978494623656
1 0.5721435546875 0.28118279569892474 0.011962890625 0.008602150537634409
1 0.4605712890625 0.2615591397849462 0.010498046875 0.005913978494623656
1 0.415771484375 0.2752688172043011 0.0107421875 0.004301075268817204
1 0.3751220703125 0.27956989247311825 0.005615234375 0.008602150537634409
3 0.4158935546875 0.26801075268817204 0.002685546875 0.006989247311827957
3 0.4600830078125 0.2543010752688172 0.002685546875 0.005376344086021506
3 0.270751953125 0.31129032258064515 0.00146484375 0.004301075268817204
3 0.334716796875 0.28521505376344086 0.00244140625 0.005913978494623656
3 0.2979736328125 0.2994623655913978 0.002197265625 0.005376344086021506
1 0.2708740234375 0.31747311827956987 0.006591796875 0.006989247311827957
1 0.2989501953125 0.30672043010752686 0.007080078125 0.006989247311827957
1 0.334716796875 0.2932795698924731 0.00830078125 0.006989247311827957
1 0.213623046875 0.34919354838709676 0.0029296875 0.005913978494623656
1 0.2479248046875 0.3255376344086022 0.004638671875 0.005913978494623656
3 0.2471923828125 0.3193548387096774 0.002197265625 0.004301075268817204
