0 0.33881578947368424 0.4334795321637427 0.2888157894736842 0.7207602339181286
0 0.646875 0.3717105263157895 0.24572368421052632 0.5358187134502924
0 0.7986842105263158 0.3958333333333333 0.1769736842105263 0.3983918128654971
0 0.14309210526315788 0.42214912280701755 0.1769736842105263 0.34137426900584794
0 0.8784539473684211 0.40131578947368424 0.11019736842105263 0.2573099415204678
0 0.1886513157894737 0.21235380116959066 0.030592105263157896 0.09429824561403509
0 0.21578947368421053 0.18859649122807018 0.0375 0.0847953216374269
0 0.24868421052631579 0.1608187134502924 0.046052631578947366 0.10087719298245613
0 0.2912828947368421 0.12134502923976608 0.048355263157894735 0.09649122807017543
0 0.3363486842105263 0.08625730994152046 0.05493421052631579 0.07602339181286549
0 0.3950657894736842 0.04678362573099415 0.060526315789473685 0.06286549707602339
0 0.4569078947368421 0.0537280701754386 0.05592105263157895 0.08991228070175439
0 0.5302631578947369 0.04788011695906433 0.05394736842105263 0.09429824561403509
0 0.5912828947368421 0.062134502923976605 0.05690789473684211 0.0935672514619883
0 0.6460526315789473 0.07931286549707603 0.05789473684210526 0.09576023391812866
0 0.7009868421052632 0.097953216374269 0.06513157894736842 0.10380116959064327
0 0.7432565789473684 0.19480994152046785 0.12006578947368421 0.09429824561403509
0 0.7993421052631579 0.18859649122807018 0.04671052631578947 0.10964912280701754
0 0.9567434210526315 0.4904970760233918 0.04901315789473684 0.11403508771929824
1 0.7037828947368421 0.5208333333333334 0.059539473684210524 0.0445906432748538
1 0.2835526315789474 0.6644736842105263 0.07960526315789473 0.04678362573099415
1 0.27828947368421053 0.1524122807017544 0.007236842105263158 0.006578947368421052
3 0.26151315789473684 0.6162280701754386 0.021710526315789475 0.04239766081871345
3 0.7090460526315789 0.48757309941520466 0.06085526315789474 0.019005847953216373
3 0.2774671052631579 0.14364035087719298 0.003618421052631579 0.006578947368421052
0 0.1569078947368421 0.2463450292397661 0.02631578947368421 0.05116959064327485
