0 0.625328947368421 0.41228070175438597 0.24407894736842106 0.6608187134502924
0 0.7672697368421053 0.35964912280701755 0.19769736842105262 0.47368421052631576
0 0.20904605263157894 0.3932748538011696 0.23914473684210527 0.543859649122807
0 0.5615131578947369 0.03216374269005848 0.04407894736842105 0.06432748538011696
0 0.5148026315789473 0.04422514619883041 0.05197368421052632 0.08845029239766082
0 0.44457236842105263 0.05665204678362573 0.05756578947368421 0.08845029239766082
0 0.3827302631578947 0.07017543859649122 0.06414473684210527 0.10526315789473684
0 0.32105263157894737 0.10087719298245613 0.0506578947368421 0.08771929824561403
1 0.6523026315789474 0.7167397660818714 0.07236842105263158 0.03435672514619883
1 0.37236842105263157 0.09612573099415204 0.01381578947368421 0.012426900584795321
1 0.4407894736842105 0.08114035087719298 0.01644736842105263 0.01023391812865497
1 0.5194078947368421 0.07236842105263158 0.015789473684210527 0.005847953216374269
1 0.31085526315789475 0.13596491228070176 0.010526315789473684 0.01023391812865497
3 0.6605263157894737 0.6619152046783626 0.02236842105263158 0.03435672514619883
3 0.8514802631578947 0.5014619883040936 0.013486842105263158 0.013157894736842105
3 0.5197368421052632 0.062134502923976605 0.0059210526315789476 0.007309941520467836
3 0.440625 0.07090643274853801 0.00625 0.008771929824561403
3 0.3707236842105263 0.0800438596491228 0.0059210526315789476 0.006578947368421052
3 0.30970394736842105 0.12828947368421054 0.0042763157894736845 0.006578947368421052
0 0.06907894736842106 0.4696637426900585 0.07960526315789473 0.15716374269005848
0 0.03256578947368421 0.49488304093567254 0.04078947368421053 0.11403508771929824
0 0.2835526315789474 0.10635964912280702 0.0506578947368421 0.06798245614035088
0 0.084375 0.38121345029239767 0.03256578947368421 0.06798245614035088
0 0.12845394736842106 0.2887426900584795 0.023355263157894737 0.049707602339181284
0 0.14194078947368421 0.2821637426900585 0.027960526315789474 0.08187134502923976
0 0.15723684210526315 0.26133040935672514 0.030263157894736843 0.08845029239766082
0 0.6060855263157895 0.0402046783625731 0.048355263157894735 0.06286549707602339
0 0.6348684210526315 0.06944444444444445 0.05592105263157895 0.07748538011695906
0 0.7149671052631579 0.14327485380116958 0.17203947368421052 0.16666666666666666
0 0.8807565789473685 0.3841374269005848 0.10098684210526315 0.1703216374269006
0 0.1174342105263158 0.30409356725146197 0.008552631578947369 0.03216374269005848
0 0.10871710526315789 0.3172514619883041 0.018092105263157895 0.05116959064327485
