0 0.6726973684210527 0.42580409356725146 0.29276315789473684 0.6878654970760234
0 0.14407894736842106 0.4239766081871345 0.18223684210526317 0.34502923976608185
0 0.42450657894736843 0.12573099415204678 0.2299342105263158 0.19736842105263158
1 0.7445723684210527 0.6129385964912281 0.06546052631578947 0.06359649122807018
3 0.7611842105263158 0.5504385964912281 0.030921052631578946 0.03070175438596491
0 0.2879934210526316 0.12426900584795321 0.06151315789473684 0.11257309941520467
0 0.24786184210526316 0.1597222222222222 0.04572368421052632 0.10014619883040936
0 0.22006578947368421 0.18969298245614036 0.04868421052631579 0.08845029239766082
0 0.1879934210526316 0.2141812865497076 0.029276315789473685 0.0891812865497076
0 0.15756578947368421 0.2452485380116959 0.025657894736842105 0.05043859649122807
0 0.14407894736842106 0.26133040935672514 0.011842105263157895 0.03728070175438596
0 0.11299342105263158 0.3260233918128655 0.037171052631578945 0.06578947368421052
0 0.04819078947368421 0.49415204678362573 0.040460526315789475 0.15497076023391812
0 0.05148026315789474 0.4722222222222222 0.05098684210526316 0.15204678362573099
0 0.5282894736842105 0.049707602339181284 0.053289473684210525 0.09210526315789473
0 0.5917763157894737 0.05482456140350877 0.05789473684210526 0.07456140350877193
0 0.6444078947368421 0.07821637426900585 0.05986842105263158 0.08333333333333333
0 0.6986842105263158 0.11001461988304094 0.07368421052631578 0.1206140350877193
0 0.7404605263157895 0.14510233918128654 0.0375 0.09137426900584796
0 0.7675986842105263 0.16666666666666666 0.051644736842105264 0.1111111111111111
0 0.796875 0.1926169590643275 0.04901315789473684 0.1118421052631579
0 0.8149671052631579 0.39400584795321636 0.14703947368421053 0.40497076023391815
0 0.8777960526315789 0.39766081871345027 0.11875 0.26169590643274854
0 0.9580592105263158 0.46308479532163743 0.0430921052631579 0.09722222222222222
0 0.014309210526315789 0.518640350877193 0.028618421052631578 0.07529239766081872
