0 0.5355224609375 0.44516129032258067 0.212646484375 0.4698924731182796
0 0.3125 0.4790322580645161 0.2529296875 0.5741935483870968
0 0.1810302734375 0.4696236559139785 0.192138671875 0.42849462365591395
0 0.7261962890625 0.4306451612903226 0.229736328125 0.3967741935483871
1 0.241943359375 0.6263440860215054 0.0302734375 0.043010752688172046
1 0.5489501953125 0.5637096774193548 0.074462890625 0.038172043010752686
1 0.8165283203125 0.5190860215053763 0.025146484375 0.031720430107526884
3 0.2281494140625 0.5766129032258065 0.008056640625 0.017741935483870968
3 0.5504150390625 0.5298387096774193 0.016357421875 0.03387096774193549
3 0.8226318359375 0.4986559139784946 0.022216796875 0.00913978494623656
0 0.85498046875 0.4803763440860215 0.10498046875 0.306989247311828
0 0.8934326171875 0.4588709677419355 0.097412109375 0.21881720430107526
0 0.8424072265625 0.30672043010752686 0.042236328125 0.08655913978494624
0 0.82421875 0.2932795698924731 0.0322265625 0.07473118279569893
0 0.802978515625 0.2771505376344086 0.0322265625 0.07903225806451612
0 0.77392578125 0.24973118279569892 0.04833984375 0.08763440860215053
0 0.7471923828125 0.23548387096774193 0.043701171875 0.07956989247311828
0 0.7127685546875 0.21263440860215055 0.051025390625 0.09301075268817205
0 0.6708984375 0.18978494623655914 0.05908203125 0.0956989247311828
0 0.6209716796875 0.17553763440860215 0.061279296875 0.09838709677419355
0 0.567138671875 0.1693548387096774 0.0498046875 0.08279569892473118
0 0.5064697265625 0.1588709677419355 0.055419921875 0.09946236559139784
0 0.4493408203125 0.17096774193548386 0.051025390625 0.08709677419354839
0 0.306884765625 0.21854838709677418 0.04931640625 0.07365591397849462
0 0.348388671875 0.19059139784946236 0.04931640625 0.06182795698924731
1 0.8992919921875 0.5526881720430108 0.011474609375 0.021505376344086023
1 0.815673828125 0.3045698924731183 0.00390625 0.005913978494623656
1 0.7923583984375 0.28279569892473116 0.006591796875 0.008602150537634409
1 0.76123046875 0.2645161290322581 0.0078125 0.008602150537634409
1 0.6343994140625 0.19946236559139785 0.012939453125 0.00967741935483871
1 0.6846923828125 0.221505376344086 0.009033203125 0.00967741935483871
1 0.7274169921875 0.2411290322580645 0.008544921875 0.008064516129032258
3 0.6859130859375 0.20591397849462365 0.003662109375 0.0064516129032258064
3 0.728759765625 0.2271505376344086 0.00244140625 0.008064516129032258
3 0.6353759765625 0.18333333333333332 0.003173828125 0.00967741935483871
3 0.4420166015625 0.18467741935483872 0.003173828125 0.005913978494623656
3 0.5740966796875 0.18440860215053764 0.002197265625 0.005376344086021506
3 0.505615234375 0.15833333333333333 0.00244140625 0.003763440860215054
1 0.442138671875 0.1956989247311828 0.01220703125 0.00967741935483871
1 0.5057373046875 0.18548387096774194 0.014892578125 0.010752688172043012
1 0.57373046875 0.19408602150537635 0.009765625 0.008602150537634409
