0 0.2860107421875 0.493010752688172 0.227783203125 0.43010752688172044
0 0.480224609375 0.4913978494623656 0.1884765625 0.5118279569892473
0 0.7178955078125 0.4612903225806452 0.298095703125 0.47634408602150535
0 0.12158203125 0.4935483870967742 0.076171875 0.2053763440860215
0 0.1683349609375 0.500268817204301 0.133544921875 0.2940860215053763
0 0.3306884765625 0.2163978494623656 0.046142578125 0.08333333333333333
0 0.375732421875 0.2010752688172043 0.0537109375 0.08709677419354839
0 0.4287109375 0.18440860215053764 0.05078125 0.08494623655913978
0 0.48779296875 0.17688172043010753 0.04296875 0.08494623655913978
0 0.5469970703125 0.1771505376344086 0.046142578125 0.08440860215053764
0 0.5877685546875 0.18225806451612903 0.037353515625 0.06559139784946237
0 0.6357421875 0.2010752688172043 0.10009765625 0.08064516129032258
0 0.6884765625 0.22043010752688172 0.05322265625 0.08172043010752689
0 0.7275390625 0.23629032258064517 0.052734375 0.07580645161290323
0 0.75341796875 0.24435483870967742 0.04052734375 0.06935483870967742
1 0.4813232421875 0.6118279569892473 0.028564453125 0.04946236559139785
1 0.2095947265625 0.6126344086021506 0.036376953125 0.03064516129032258
1 0.550537109375 0.1989247311827957 0.0146484375 0.00967741935483871
1 0.4881591796875 0.1967741935483871 0.014892578125 0.008602150537634409
1 0.421875 0.20833333333333334 0.0126953125 0.008064516129032258
1 0.3623046875 0.225 0.01025390625 0.00913978494623656
1 0.3187255859375 0.24327956989247312 0.009033203125 0.008064516129032258
1 0.7061767578125 0.24973118279569892 0.008544921875 0.00913978494623656
3 0.481201171875 0.578494623655914 0.01318359375 0.034408602150537634
3 0.361572265625 0.2118279569892473 0.00537109375 0.007526881720430108
3 0.4212646484375 0.1967741935483871 0.005126953125 0.008602150537634409
3 0.48876953125 0.18494623655913978 0.00439453125 0.007526881720430108
3 0.5511474609375 0.18844086021505377 0.004638671875 0.008064516129032258
3 0.74658203125 0.26370967741935486 0.00537109375 0.006989247311827957
3 0.76806640625 0.27338709677419354 0.005859375 0.006989247311827957
0 0.8472900390625 0.3327956989247312 0.023681640625 0.06129032258064516
0 0.858154296875 0.34408602150537637 0.02490234375 0.06129032258064516
0 0.870361328125 0.35591397849462364 0.01708984375 0.05161290322580645
0 0.8759765625 0.36155913978494625 0.017578125 0.0489247311827957
0 0.884033203125 0.3709677419354839 0.01806640625 0.05053763440860215
0 0.89013671875 0.37553763440860216 0.0234375 0.0543010752688172
0 0.901611328125 0.3865591397849462 0.0263671875 0.06236559139784946
0 0.917236328125 0.40456989247311825 0.0166015625 0.04139784946236559
0 0.9263916015625 0.4174731182795699 0.010498046875 0.02956989247311828
0 0.9351806640625 0.42795698924731185 0.007080078125 0.021505376344086023
0 0.94189453125 0.4389784946236559 0.00830078125 0.01989247311827957
