0 0.6368421052631579 0.40095029239766083 0.2532894736842105 0.60453216374269
0 0.35542763157894736 0.39510233918128657 0.2569078947368421 0.6191520467836257
0 0.15657894736842104 0.454312865497076 0.16842105263157894 0.3399122807017544
0 0.7929276315789474 0.38377192982456143 0.24703947368421053 0.48391812865497075
1 0.30098684210526316 0.560672514619883 0.06973684210526315 0.04093567251461988
1 0.6603618421052632 0.6695906432748538 0.07335526315789474 0.04239766081871345
3 0.27976973684210527 0.506578947368421 0.01611842105263158 0.03216374269005848
3 0.6889802631578947 0.5219298245614035 0.04243421052631579 0.021929824561403508
0 0.16414473684210526 0.2803362573099415 0.034868421052631576 0.06652046783625731
0 0.21200657894736843 0.2240497076023392 0.03782894736842105 0.10160818713450293
0 0.24391447368421051 0.18457602339181287 0.054276315789473686 0.11769005847953216
0 0.28174342105263156 0.15423976608187134 0.05032894736842105 0.10526315789473684
0 0.33157894736842103 0.1070906432748538 0.06644736842105263 0.11038011695906433
0 0.3907894736842105 0.06980994152046784 0.057236842105263155 0.07383040935672515
0 0.453125 0.05482456140350877 0.05032894736842105 0.0935672514619883
0 0.5226973684210526 0.05080409356725146 0.056578947368421055 0.08991228070175439
0 0.5884868421052631 0.06140350877192982 0.06118421052631579 0.09064327485380116
0 0.6493421052631579 0.08296783625730994 0.06644736842105263 0.09722222222222222
0 0.7046052631578947 0.11695906432748537 0.05592105263157895 0.0847953216374269
0 0.7373355263157895 0.1154970760233918 0.06480263157894736 0.08625730994152046
0 0.9363486842105263 0.4367690058479532 0.04967105263157895 0.15716374269005848
0 0.903125 0.32858187134502925 0.019407894736842107 0.03874269005847953
0 0.4199013157894737 0.04239766081871345 0.029276315789473685 0.05116959064327485
0 0.6100328947368421 0.035818713450292396 0.03782894736842105 0.05263157894736842
0 0.6911184210526315 0.06652046783625731 0.034210526315789476 0.03070175438596491
