0 0.686279296875 0.4879032258064516 0.228515625 0.48440860215053766
0 0.489013671875 0.3739247311827957 0.13671875 0.3317204301075269
0 0.2886962890625 0.5099462365591397 0.233154296875 0.460752688172043
0 0.1759033203125 0.5005376344086021 0.111572265625 0.27204301075268816
0 0.3199462890625 0.2760752688172043 0.154541015625 0.12526881720430108
0 0.3743896484375 0.19462365591397848 0.054443359375 0.07849462365591398
0 0.33349609375 0.19596774193548386 0.04296875 0.04247311827956989
0 0.4271240234375 0.18548387096774194 0.052490234375 0.08602150537634409
0 0.48583984375 0.17069892473118278 0.0419921875 0.07580645161290323
0 0.5419921875 0.1760752688172043 0.0458984375 0.08440860215053764
0 0.5966796875 0.19166666666666668 0.060546875 0.08440860215053764
0 0.6468505859375 0.20295698924731181 0.057373046875 0.08763440860215053
0 0.6905517578125 0.22123655913978493 0.051513671875 0.08440860215053764
0 0.178955078125 0.3282258064516129 0.0625 0.09623655913978495
0 0.7498779296875 0.25161290322580643 0.059814453125 0.09032258064516129
0 0.782470703125 0.27365591397849465 0.03125 0.07204301075268817
0 0.8016357421875 0.2884408602150538 0.032470703125 0.07258064516129033
0 0.8326416015625 0.3161290322580645 0.040771484375 0.07526881720430108
0 0.8544921875 0.3387096774193548 0.02685546875 0.06236559139784946
0 0.885986328125 0.375 0.02490234375 0.0478494623655914
1 0.2021484375 0.6193548387096774 0.02783203125 0.02043010752688172
1 0.4925537109375 0.5024193548387097 0.049560546875 0.03387096774193549
1 0.7615966796875 0.6067204301075269 0.025634765625 0.04247311827956989
1 0.485595703125 0.19650537634408602 0.01416015625 0.01021505376344086
1 0.5472412109375 0.1989247311827957 0.011474609375 0.00967741935483871
1 0.6103515625 0.22096774193548388 0.013671875 0.008602150537634409
1 0.4189453125 0.2120967741935484 0.0126953125 0.00913978494623656
1 0.70654296875 0.24946236559139784 0.0078125 0.007526881720430108
1 0.6632080078125 0.2295698924731183 0.008056640625 0.007526881720430108
3 0.196044921875 0.5940860215053764 0.00927734375 0.013978494623655914
3 0.4918212890625 0.4010752688172043 0.013916015625 0.025806451612903226
3 0.4188232421875 0.19946236559139785 0.004150390625 0.008602150537634409
3 0.4857177734375 0.18387096774193548 0.004638671875 0.008602150537634409
3 0.546875 0.19005376344086022 0.00390625 0.003763440860215054
3 0.61181640625 0.20887096774193548 0.005859375 0.01129032258064516
3 0.66455078125 0.2161290322580645 0.00439453125 0.005376344086021506
0 0.9041748046875 0.3897849462365591 0.018310546875 0.04408602150537634
0 0.9122314453125 0.4018817204301075 0.010498046875 0.032795698924731186
0 0.9007568359375 0.3879032258064516 0.012939453125 0.037096774193548385
0 0.919189453125 0.40725806451612906 0.01318359375 0.03494623655913978
