0 0.8238525390625 0.46048387096774196 0.106689453125 0.15
0 0.23681640625 0.4056451612903226 0.13330078125 0.17580645161290323
0 0.1712646484375 0.42016129032258065 0.075927734375 0.15645161290322582
0 0.1396484375 0.43252688172043013 0.06005859375 0.12204301075268817
0 0.0975341796875 0.44193548387096776 0.038818359375 0.08279569892473118
0 0.04736328125 0.4674731182795699 0.017578125 0.03387096774193549
0 0.8828125 0.4790322580645161 0.04248046875 0.10215053763440861
0 0.797119140625 0.3685483870967742 0.03466796875 0.0456989247311828
0 0.7657470703125 0.3473118279569892 0.036865234375 0.07526881720430108
0 0.7392578125 0.33064516129032256 0.03076171875 0.07419354838709677
0 0.6937255859375 0.3260752688172043 0.085205078125 0.10698924731182796
0 0.6448974609375 0.28118279569892474 0.042724609375 0.08172043010752689
0 0.607177734375 0.27661290322580645 0.0498046875 0.07580645161290323
0 0.5625 0.2599462365591398 0.04150390625 0.08333333333333333
0 0.51708984375 0.2540322580645161 0.02587890625 0.07150537634408602
0 0.4688720703125 0.25188172043010754 0.040283203125 0.07580645161290323
0 0.4224853515625 0.2543010752688172 0.047607421875 0.07634408602150537
0 0.3773193359375 0.25967741935483873 0.045654296875 0.07526881720430108
0 0.3394775390625 0.2693548387096774 0.046630859375 0.07634408602150537
0 0.308349609375 0.27876344086021504 0.041015625 0.07473118279569893
0 0.2777099609375 0.289247311827957 0.041259765625 0.06451612903225806
0 0.255126953125 0.2884408602150538 0.04541015625 0.07258064516129033
0 0.2283935546875 0.306989247311828 0.043701171875 0.07311827956989247
3 0.177978515625 0.4311827956989247 0.00341796875 0.007526881720430108
1 0.1812744140625 0.4443548387096774 0.011962890625 0.014516129032258065
1 0.1441650390625 0.4639784946236559 0.008056640625 0.011827956989247311
1 0.1151123046875 0.4685483870967742 0.005126953125 0.00913978494623656
1 0.7508544921875 0.3532258064516129 0.006103515625 0.007526881720430108
1 0.778564453125 0.3725806451612903 0.00439453125 0.0064516129032258064
3 0.7794189453125 0.36478494623655916 0.002685546875 0.005913978494623656
3 0.7518310546875 0.3446236559139785 0.002197265625 0.005376344086021506
3 0.567138671875 0.2661290322580645 0.0029296875 0.005376344086021506
3 0.6180419921875 0.28978494623655915 0.004150390625 0.008602150537634409
1 0.616943359375 0.3 0.009765625 0.008602150537634409
1 0.56640625 0.2806451612903226 0.0087890625 0.007526881720430108
1 0.3668212890625 0.27903225806451615 0.008056640625 0.0064516129032258064
1 0.412841796875 0.27446236559139786 0.01123046875 0.006989247311827957
1 0.46533203125 0.27123655913978495 0.01123046875 0.006989247311827957
3 0.465576171875 0.25967741935483873 0.0029296875 0.0064516129032258064
3 0.4127197265625 0.2610215053763441 0.002685546875 0.005913978494623656
3 0.3668212890625 0.27204301075268816 0.002685546875 0.004301075268817204
1 0.3245849609375 0.2916666666666667 0.006103515625 0.008064516129032258
1 0.293701171875 0.3016129032258065 0.005859375 0.005376344086021506
1 0.263427734375 0.31129032258064515 0.0068359375 0.007526881720430108
1 0.2369384765625 0.3172043010752688 0.003662109375 0.005376344086021506
3 0.263427734375 0.3040322580645161 0.00244140625 0.004838709677419355
