0 0.287109375 0.4935483870967742 0.22998046875 0.43870967741935485
0 0.1651611328125 0.5021505376344086 0.129638671875 0.2989247311827957
0 0.3323974609375 0.2172043010752688 0.049072265625 0.08279569892473118
0 0.37451171875 0.19838709677419356 0.05224609375 0.08602150537634409
0 0.4288330078125 0.18575268817204302 0.051513671875 0.09086021505376345
0 0.489501953125 0.17661290322580644 0.04443359375 0.08978494623655914
0 0.54541015625 0.1793010752688172 0.04736328125 0.08440860215053764
0 0.6002197265625 0.1860215053763441 0.059326171875 0.1043010752688172
0 0.649658203125 0.20510752688172043 0.05078125 0.09623655913978495
0 0.6895751953125 0.2271505376344086 0.052001953125 0.09301075268817205
0 0.7259521484375 0.24489247311827958 0.051513671875 0.09086021505376345
0 0.7535400390625 0.25510752688172045 0.040771484375 0.08763440860215053
0 0.7822265625 0.2760752688172043 0.03515625 0.07903225806451612
0 0.8037109375 0.2938172043010753 0.03076171875 0.07043010752688172
0 0.1197509765625 0.4932795698924731 0.074462890625 0.20268817204301076
0 0.8216552734375 0.3118279569892473 0.029052734375 0.06881720430107527
0 0.8345947265625 0.32446236559139785 0.031982421875 0.06827956989247312
0 0.8466796875 0.33440860215053764 0.0244140625 0.05591397849462366
0 0.8580322265625 0.34623655913978496 0.025146484375 0.06129032258064516
0 0.8682861328125 0.357258064516129 0.020263671875 0.056451612903225805
0 0.870849609375 0.3564516129032258 0.029296875 0.06344086021505377
0 0.8927001953125 0.3841397849462366 0.026611328125 0.05
0 0.91357421875 0.40725806451612906 0.021484375 0.038172043010752686
1 0.20947265625 0.613978494623656 0.037109375 0.030107526881720432
1 0.318603515625 0.24408602150537634 0.01220703125 0.011827956989247311
1 0.3626708984375 0.22634408602150538 0.011474609375 0.00967741935483871
1 0.4217529296875 0.20913978494623656 0.013916015625 0.00967741935483871
1 0.48828125 0.1967741935483871 0.0146484375 0.011827956989247311
1 0.5504150390625 0.20161290322580644 0.014404296875 0.00967741935483871
1 0.7060546875 0.25161290322580643 0.00830078125 0.00967741935483871
3 0.2041015625 0.592741935483871 0.0400390625 0.026344086021505377
3 0.3619384765625 0.21236559139784947 0.003662109375 0.0064516129032258064
3 0.4212646484375 0.19731182795698926 0.004150390625 0.0064516129032258064
3 0.488525390625 0.1860215053763441 0.00439453125 0.0064516129032258064
3 0.550537109375 0.19032258064516128 0.00439453125 0.0064516129032258064
