0 0.37088815789473684 0.43530701754385964 0.22796052631578947 0.6995614035087719
0 0.7796052631578947 0.3932748538011696 0.24407894736842106 0.4342105263157895
0 0.5703947368421053 0.10964912280701754 0.2361842105263158 0.21929824561403508
0 0.21792763157894737 0.21564327485380116 0.03914473684210526 0.10087719298245613
0 0.23832236842105264 0.18859649122807018 0.03782894736842105 0.10087719298245613
0 0.28042763157894735 0.15752923976608188 0.051644736842105264 0.09868421052631579
0 0.33207236842105264 0.11988304093567251 0.05756578947368421 0.0935672514619883
1 0.3425986842105263 0.7404970760233918 0.08190789473684211 0.04093567251461988
3 0.3319078947368421 0.6918859649122807 0.02631578947368421 0.035818713450292396
0 0.11414473684210526 0.39546783625730997 0.06447368421052632 0.12426900584795321
0 0.3881578947368421 0.08150584795321637 0.05986842105263158 0.08845029239766082
0 0.36529605263157894 0.06834795321637427 0.03256578947368421 0.05043859649122807
0 0.3560855263157895 0.05116959064327485 0.029276315789473685 0.04093567251461988
0 0.4143092105263158 0.04824561403508772 0.02730263157894737 0.05701754385964912
0 0.44259868421052634 0.05007309941520468 0.0430921052631579 0.07675438596491228
0 0.6993421052631579 0.11074561403508772 0.06315789473684211 0.09283625730994152
0 0.7444078947368421 0.1337719298245614 0.05197368421052632 0.10380116959064327
0 0.7743421052631579 0.15862573099415206 0.034210526315789476 0.0891812865497076
0 0.7986842105263158 0.18457602339181287 0.04078947368421053 0.09283625730994152
0 0.8243421052631579 0.2141812865497076 0.03684210526315789 0.09064327485380116
0 0.6944078947368421 0.05847953216374269 0.025657894736842105 0.02631578947368421
0 0.6863486842105263 0.06286549707602339 0.028618421052631578 0.019005847953216373
0 0.6508223684210527 0.07054093567251463 0.04375 0.07529239766081872
0 0.656578947368421 0.054093567251461985 0.03684210526315789 0.04239766081871345
0 0.8796052631578948 0.4057017543859649 0.11513157894736842 0.29385964912280704
0 0.9254934210526315 0.41739766081871343 0.07138157894736842 0.20029239766081872
0 0.9008223684210527 0.3230994152046784 0.019407894736842107 0.038011695906432746
0 0.9125 0.339546783625731 0.009868421052631578 0.025584795321637425
0 0.9291118421052632 0.3644005847953216 0.008223684210526315 0.025584795321637425
