0 0.4788818359375 0.482258064516129 0.187255859375 0.5397849462365591
0 0.6820068359375 0.48198924731182796 0.232177734375 0.4543010752688172
0 0.285400390625 0.4956989247311828 0.2265625 0.44408602150537635
1 0.7647705078125 0.589516129032258 0.032958984375 0.04139784946236559
1 0.4822998046875 0.6123655913978494 0.023193359375 0.03978494623655914
1 0.209228515625 0.6115591397849462 0.03564453125 0.03387096774193549
3 0.773681640625 0.5483870967741935 0.00732421875 0.017204301075268817
3 0.4810791015625 0.5779569892473119 0.011962890625 0.02795698924731183
3 0.2034912109375 0.5938172043010753 0.033935546875 0.015591397849462365
0 0.166748046875 0.5026881720430108 0.130859375 0.3064516129032258
0 0.1197509765625 0.49166666666666664 0.072021484375 0.20376344086021506
0 0.2742919921875 0.221505376344086 0.040771484375 0.05698924731182796
0 0.3314208984375 0.2161290322580645 0.048583984375 0.08924731182795699
0 0.3753662109375 0.20026881720430106 0.055908203125 0.09086021505376345
0 0.428955078125 0.18387096774193548 0.05126953125 0.08924731182795699
0 0.4879150390625 0.17419354838709677 0.043212890625 0.08709677419354839
0 0.5450439453125 0.17849462365591398 0.049560546875 0.08817204301075268
0 0.5977783203125 0.19059139784946236 0.058837890625 0.08763440860215053
0 0.6448974609375 0.20268817204301076 0.054931640625 0.08602150537634409
0 0.688720703125 0.22123655913978493 0.0537109375 0.08763440860215053
0 0.727294921875 0.24059139784946237 0.05224609375 0.08655913978494624
0 0.75390625 0.2537634408602151 0.04150390625 0.08494623655913978
0 0.78173828125 0.27365591397849465 0.03564453125 0.07741935483870968
0 0.8031005859375 0.2924731182795699 0.031005859375 0.07096774193548387
0 0.82177734375 0.310752688172043 0.02734375 0.06989247311827956
0 0.8358154296875 0.3228494623655914 0.029541015625 0.06935483870967742
3 0.111328125 0.5755376344086022 0.0048828125 0.014516129032258065
1 0.0966796875 0.5774193548387097 0.0087890625 0.01827956989247312
1 0.318603515625 0.24166666666666667 0.00732421875 0.008064516129032258
1 0.3626708984375 0.22473118279569892 0.011474609375 0.00967741935483871
1 0.421630859375 0.20618279569892473 0.01318359375 0.00913978494623656
1 0.48876953125 0.19516129032258064 0.0146484375 0.00967741935483871
1 0.55078125 0.19946236559139785 0.0146484375 0.00967741935483871
1 0.610595703125 0.21559139784946235 0.01025390625 0.007526881720430108
1 0.660400390625 0.22795698924731184 0.0068359375 0.010752688172043012
1 0.705322265625 0.24865591397849462 0.0087890625 0.00913978494623656
1 0.7445068359375 0.2725806451612903 0.007568359375 0.008602150537634409
1 0.7674560546875 0.27983870967741936 0.005126953125 0.006989247311827957
1 0.7947998046875 0.3008064516129032 0.005126953125 0.006989247311827957
1 0.8134765625 0.31908602150537635 0.00439453125 0.008064516129032258
3 0.8140869140625 0.31209677419354837 0.001708984375 0.003763440860215054
3 0.7955322265625 0.2938172043010753 0.001708984375 0.004838709677419355
3 0.7677001953125 0.27365591397849465 0.001708984375 0.004301075268817204
3 0.745849609375 0.2623655913978495 0.00244140625 0.0064516129032258064
3 0.660888671875 0.21801075268817205 0.0029296875 0.005913978494623656
3 0.6112060546875 0.20456989247311827 0.003173828125 0.008064516129032258
3 0.55078125 0.1870967741935484 0.00341796875 0.007526881720430108
3 0.421142578125 0.19462365591397848 0.00390625 0.007526881720430108
3 0.4886474609375 0.1827956989247312 0.004150390625 0.005376344086021506
3 0.361572265625 0.21021505376344085 0.00390625 0.0064516129032258064
