0 0.69287109375 0.4825268817204301 0.23388671875 0.4575268817204301
0 0.4793701171875 0.493010752688172 0.186767578125 0.5150537634408602
0 0.2867431640625 0.49193548387096775 0.229248046875 0.43870967741935485
0 0.1710205078125 0.5008064516129033 0.132568359375 0.3016129032258065
0 0.126220703125 0.5008064516129033 0.0849609375 0.21881720430107526
0 0.3319091796875 0.21451612903225806 0.048095703125 0.08387096774193549
0 0.3758544921875 0.1989247311827957 0.055419921875 0.08387096774193549
0 0.4290771484375 0.1817204301075269 0.051025390625 0.08709677419354839
0 0.4879150390625 0.17580645161290323 0.043212890625 0.08602150537634409
0 0.54541015625 0.17849462365591398 0.048828125 0.08709677419354839
0 0.59912109375 0.18413978494623656 0.060546875 0.10053763440860215
0 0.649658203125 0.20483870967741935 0.05126953125 0.09032258064516129
0 0.6895751953125 0.2217741935483871 0.051513671875 0.08548387096774193
0 0.72705078125 0.2400537634408602 0.05224609375 0.08548387096774193
0 0.7532958984375 0.25188172043010754 0.041259765625 0.08440860215053764
0 0.7823486328125 0.2728494623655914 0.034912109375 0.07365591397849462
0 0.8037109375 0.2916666666666667 0.02734375 0.07365591397849462
0 0.8233642578125 0.307258064516129 0.024169921875 0.06720430107526881
0 0.8359375 0.32150537634408605 0.029296875 0.06666666666666667
0 0.8485107421875 0.33064516129032256 0.021240234375 0.05591397849462366
0 0.8604736328125 0.3443548387096774 0.022705078125 0.05860215053763441
0 0.872314453125 0.3567204301075269 0.01416015625 0.0478494623655914
0 0.879150390625 0.3629032258064516 0.013671875 0.04408602150537634
0 0.895751953125 0.3803763440860215 0.01953125 0.0553763440860215
0 0.9066162109375 0.3922043010752688 0.011962890625 0.03924731182795699
1 0.4847412109375 0.6153225806451613 0.033935546875 0.04247311827956989
1 0.7747802734375 0.5881720430107527 0.036376953125 0.03225806451612903
1 0.208740234375 0.6129032258064516 0.0439453125 0.03763440860215054
1 0.3184814453125 0.24301075268817204 0.007568359375 0.005376344086021506
1 0.705322265625 0.24811827956989246 0.00830078125 0.006989247311827957
3 0.481689453125 0.5795698924731183 0.0107421875 0.03225806451612903
3 0.7835693359375 0.5567204301075269 0.012451171875 0.024193548387096774
