0 0.20904605263157894 0.3684210526315789 0.21151315789473685 0.48391812865497075
0 0.7172697368421053 0.06505847953216375 0.05493421052631579 0.1301169590643275
0 0.7570723684210526 0.10343567251461988 0.03519736842105263 0.1074561403508772
0 0.7924342105263158 0.13633040935672514 0.04407894736842105 0.13523391812865498
0 0.665296052631579 0.03435672514619883 0.05296052631578947 0.06871345029239766
0 0.12171052631578948 0.41228070175438597 0.12039473684210526 0.3435672514619883
0 0.2338815789473684 0.1154970760233918 0.09276315789473684 0.1476608187134503
0 0.3248355263157895 0.03216374269005848 0.06085526315789474 0.06432748538011696
0 0.060526315789473685 0.4820906432748538 0.05592105263157895 0.2141812865497076
0 0.38536184210526314 0.020833333333333332 0.0680921052631579 0.041666666666666664
0 0.6021381578947368 0.023757309941520467 0.06875 0.04751461988304093
0 0.8148026315789474 0.17763157894736842 0.02236842105263158 0.09064327485380116
0 0.8314144736842105 0.21089181286549707 0.02730263157894737 0.09429824561403509
0 0.8430921052631579 0.2240497076023392 0.038157894736842106 0.1206140350877193
0 0.8761513157894737 0.3026315789473684 0.03190789473684211 0.06871345029239766
0 0.13157894736842105 0.25292397660818716 0.05197368421052632 0.1111111111111111
0 0.10263157894736842 0.3044590643274854 0.017105263157894738 0.07090643274853801
0 0.07944078947368421 0.35453216374269003 0.02401315789473684 0.07163742690058479
0 0.09325657894736843 0.32748538011695905 0.01875 0.06871345029239766
0 0.04572368421052632 0.44883040935672514 0.014473684210526316 0.033625730994152045
