0 0.37664473684210525 0.34941520467836257 0.2131578947368421 0.5628654970760234
0 0.8537828947368421 0.3958333333333333 0.16217105263157894 0.36330409356725146
1 0.35 0.5983187134502924 0.04407894736842105 0.027046783625730993
3 0.34111842105263157 0.5179093567251462 0.01381578947368421 0.02412280701754386
0 0.2988486842105263 0.10562865497076024 0.05098684210526316 0.06652046783625731
0 0.4029605263157895 0.05445906432748538 0.06513157894736842 0.07821637426900585
0 0.46792763157894735 0.04824561403508772 0.058223684210526316 0.09064327485380116
0 0.5416118421052631 0.047149122807017545 0.051644736842105264 0.09283625730994152
0 0.6074013157894737 0.062134502923976605 0.06348684210526316 0.10526315789473684
0 0.6603618421052632 0.08771929824561403 0.054276315789473686 0.09941520467836257
0 0.7100328947368421 0.11403508771929824 0.05230263157894737 0.0891812865497076
0 0.7618421052631579 0.17982456140350878 0.08421052631578947 0.1301169590643275
0 0.7916118421052631 0.1823830409356725 0.033223684210526315 0.07675438596491228
0 0.8167763157894737 0.19371345029239767 0.046052631578947366 0.08771929824561403
0 0.9233552631578947 0.4239766081871345 0.06710526315789474 0.21198830409356725
0 0.9592105263157895 0.4678362573099415 0.039473684210526314 0.10380116959064327
0 0.3684210526315789 0.03874269005847953 0.03289473684210526 0.043859649122807015
