0 0.6416015625 0.307258064516129 0.19091796875 0.25967741935483873
0 0.072509765625 0.49489247311827955 0.05078125 0.07903225806451612
0 0.087646484375 0.4360215053763441 0.03564453125 0.04838709677419355
0 0.2022705078125 0.3110215053763441 0.049072265625 0.07795698924731183
0 0.2679443359375 0.25349462365591396 0.046142578125 0.08978494623655914
0 0.3062744140625 0.22795698924731184 0.049560546875 0.09247311827956989
0 0.348388671875 0.2056451612903226 0.0498046875 0.09086021505376345
0 0.39794921875 0.1870967741935484 0.0576171875 0.09247311827956989
0 0.448486328125 0.17311827956989248 0.05126953125 0.08709677419354839
0 0.6124267578125 0.16102150537634408 0.058349609375 0.06290322580645161
0 0.70751953125 0.21559139784946235 0.0615234375 0.08924731182795699
0 0.7940673828125 0.27419354838709675 0.052978515625 0.07849462365591398
0 0.8238525390625 0.2932795698924731 0.032958984375 0.07580645161290323
0 0.84375 0.307258064516129 0.0390625 0.08333333333333333
0 0.8656005859375 0.3309139784946237 0.027099609375 0.06290322580645161
0 0.9556884765625 0.4653225806451613 0.056396484375 0.09301075268817205
1 0.714111328125 0.3467741935483871 0.0234375 0.024731182795698924
1 0.81591796875 0.3040322580645161 0.00341796875 0.003763440860215054
1 0.8369140625 0.3225806451612903 0.0029296875 0.005376344086021506
1 0.727783203125 0.2454301075268817 0.0078125 0.008064516129032258
1 0.442626953125 0.19489247311827956 0.01171875 0.008064516129032258
1 0.3370361328125 0.22983870967741934 0.011962890625 0.012365591397849462
1 0.292236328125 0.2553763440860215 0.00634765625 0.00967741935483871
1 0.252685546875 0.2803763440860215 0.00830078125 0.01129032258064516
3 0.29150390625 0.24758064516129033 0.00244140625 0.003763440860215054
3 0.336181640625 0.22043010752688172 0.00439453125 0.005376344086021506
3 0.4423828125 0.18575268817204302 0.0029296875 0.004838709677419355
3 0.7288818359375 0.23655913978494625 0.003173828125 0.0064516129032258064
3 0.81640625 0.29811827956989245 0.00146484375 0.003763440860215054
3 0.837646484375 0.31586021505376344 0.00146484375 0.003763440860215054
