0 0.37006578947368424 0.43530701754385964 0.22631578947368422 0.6995614035087719
0 0.7792763157894737 0.3958333333333333 0.24342105263157895 0.43932748538011696
0 0.5557565789473684 0.11293859649122807 0.2654605263157895 0.22587719298245615
0 0.21710526315789475 0.2149122807017544 0.039473684210526314 0.10087719298245613
0 0.24276315789473685 0.19078947368421054 0.046052631578947366 0.1067251461988304
0 0.2787828947368421 0.15752923976608188 0.04901315789473684 0.09868421052631579
0 0.3314144736842105 0.11915204678362573 0.05625 0.09502923976608187
0 0.38799342105263157 0.08589181286549707 0.058223684210526316 0.07236842105263158
0 0.7 0.11001461988304094 0.05855263157894737 0.09576023391812866
0 0.7480263157894737 0.1337719298245614 0.04407894736842105 0.10964912280701754
0 0.7769736842105263 0.1560672514619883 0.030263157894736843 0.08991228070175439
0 0.8004934210526315 0.18676900584795322 0.036513157894736845 0.09429824561403509
0 0.8276315789473684 0.21637426900584794 0.030263157894736843 0.09210526315789473
0 0.8817434210526316 0.41118421052631576 0.11282894736842106 0.3019005847953216
1 0.34292763157894735 0.7423245614035088 0.07796052631578948 0.041666666666666664
1 0.3171052631578947 0.1301169590643275 0.010526315789473684 0.008771929824561403
1 0.2657894736842105 0.19078947368421054 0.007236842105263158 0.01023391812865497
1 0.22911184210526317 0.22880116959064328 0.009539473684210526 0.013157894736842105
1 0.20542763157894736 0.2536549707602339 0.008223684210526315 0.01023391812865497
3 0.33075657894736843 0.694078947368421 0.02532894736842105 0.03435672514619883
3 0.3756578947368421 0.10599415204678363 0.003947368421052632 0.008771929824561403
3 0.31546052631578947 0.11878654970760234 0.003289473684210526 0.006578947368421052
3 0.2646381578947368 0.18128654970760233 0.0042763157894736845 0.0043859649122807015
3 0.2274671052631579 0.21308479532163743 0.002302631578947368 0.0021929824561403508
3 0.20444078947368421 0.241593567251462 0.003618421052631579 0.005116959064327485
0 0.9268092105263158 0.42105263157894735 0.06875 0.19736842105263158
0 0.9574013157894737 0.454312865497076 0.02730263157894737 0.11038011695906433
0 0.9758223684210526 0.4733187134502924 0.012828947368421053 0.035818713450292396
0 0.41463815789473685 0.049342105263157895 0.028618421052631578 0.05921052631578947
0 0.36529605263157894 0.06834795321637427 0.03190789473684211 0.0489766081871345
0 0.3557565789473684 0.05080409356725146 0.02993421052631579 0.0402046783625731
0 0.33026315789473687 0.07858187134502924 0.042105263157894736 0.03728070175438596
0 0.6513157894736842 0.07090643274853801 0.04342105263157895 0.07602339181286549
0 0.69375 0.05884502923976608 0.026973684210526316 0.02850877192982456
