0 0.618421052631579 0.5657894736842105 0.24868421052631579 0.5555555555555556
0 0.7669407894736842 0.4583333333333333 0.22796052631578947 0.36257309941520466
0 0.09013157894736842 0.5657894736842105 0.11447368421052631 0.15789473684210525
0 0.8833881578947368 0.4586988304093567 0.11611842105263158 0.26973684210526316
0 0.228125 0.35453216374269003 0.044407894736842105 0.08333333333333333
0 0.2588815789473684 0.3358918128654971 0.042105263157894736 0.08698830409356725
0 0.29983552631578947 0.3077485380116959 0.058223684210526316 0.1023391812865497
0 0.3417763157894737 0.2880116959064328 0.04671052631578947 0.09064327485380116
0 0.39654605263157894 0.2576754385964912 0.06151315789473684 0.11769005847953216
0 0.45592105263157895 0.23940058479532164 0.05460526315789474 0.09868421052631579
0 0.5184210526315789 0.22916666666666666 0.05526315789473684 0.09868421052631579
0 0.5797697368421053 0.22587719298245615 0.05230263157894737 0.08187134502923976
0 0.6463815789473685 0.25292397660818716 0.07828947368421052 0.09210526315789473
0 0.10740131578947368 0.47404970760233917 0.03914473684210526 0.05043859649122807
0 0.18207236842105262 0.3958333333333333 0.033223684210526315 0.07675438596491228
1 0.6527960526315789 0.7039473684210527 0.08585526315789474 0.05701754385964912
1 0.8606907894736842 0.5193713450292398 0.02006578947368421 0.027046783625730993
3 0.6634868421052632 0.6600877192982456 0.014473684210526316 0.033625730994152045
