0 0.3837890625 0.3919354838709677 0.13818359375 0.25591397849462366
0 0.24951171875 0.40618279569892474 0.1298828125 0.16182795698924732
0 0.6492919921875 0.4150537634408602 0.141845703125 0.24516129032258063
0 0.7474365234375 0.4220430107526882 0.135498046875 0.23010752688172043
1 0.3443603515625 0.4803763440860215 0.029541015625 0.016666666666666666
1 0.7900390625 0.48333333333333334 0.01953125 0.02043010752688172
3 0.3426513671875 0.4508064516129032 0.008056640625 0.014516129032258065
3 0.7958984375 0.4612903225806452 0.00439453125 0.010752688172043012
0 0.8245849609375 0.45268817204301076 0.090576171875 0.1989247311827957
0 0.8612060546875 0.4669354838709677 0.058837890625 0.1489247311827957
0 0.8858642578125 0.4752688172043011 0.045166015625 0.11935483870967742
0 0.9234619140625 0.48978494623655916 0.043212890625 0.08817204301075268
0 0.521240234375 0.24193548387096775 0.02783203125 0.05591397849462366
0 0.5611572265625 0.24435483870967742 0.031005859375 0.0532258064516129
0 0.6107177734375 0.2669354838709677 0.046142578125 0.06935483870967742
0 0.6546630859375 0.2793010752688172 0.051513671875 0.07903225806451612
0 0.69091796875 0.289247311827957 0.04638671875 0.07204301075268817
0 0.7542724609375 0.3228494623655914 0.040771484375 0.05860215053763441
0 0.7821044921875 0.33521505376344085 0.044189453125 0.05967741935483871
3 0.1927490234375 0.4314516129032258 0.002197265625 0.005913978494623656
1 0.19677734375 0.4422043010752688 0.01123046875 0.01129032258064516
1 0.8568115234375 0.49193548387096775 0.009033203125 0.010752688172043012
1 0.8790283203125 0.524731182795699 0.006591796875 0.008602150537634409
1 0.9052734375 0.5 0.00390625 0.005376344086021506
3 0.8616943359375 0.4827956989247312 0.002685546875 0.007526881720430108
3 0.88623046875 0.4881720430107527 0.00146484375 0.005376344086021506
3 0.5216064453125 0.23736559139784946 0.002197265625 0.005913978494623656
3 0.5638427734375 0.24327956989247312 0.001708984375 0.003763440860215054
1 0.521240234375 0.24758064516129033 0.00927734375 0.006989247311827957
1 0.5634765625 0.2521505376344086 0.00732421875 0.005376344086021506
1 0.61962890625 0.28897849462365593 0.0107421875 0.008064516129032258
1 0.6669921875 0.306989247311828 0.0087890625 0.007526881720430108
3 0.6199951171875 0.28091397849462363 0.003662109375 0.004838709677419355
3 0.6678466796875 0.2870967741935484 0.001708984375 0.0032258064516129032
