0 0.7462158203125 0.46236559139784944 0.230224609375 0.3989247311827957
0 0.1387939453125 0.4752688172043011 0.137939453125 0.2075268817204301
1 0.8310546875 0.5631720430107527 0.02587890625 0.026344086021505377
3 0.839111328125 0.542741935483871 0.0068359375 0.013440860215053764
0 0.2464599609375 0.26881720430107525 0.044677734375 0.08709677419354839
0 0.27783203125 0.25161290322580643 0.05029296875 0.08602150537634409
0 0.3177490234375 0.2295698924731183 0.058349609375 0.0935483870967742
0 0.361328125 0.21478494623655914 0.05712890625 0.09086021505376345
0 0.4134521484375 0.19623655913978494 0.057373046875 0.0956989247311828
0 0.463623046875 0.19381720430107527 0.04541015625 0.08118279569892473
0 0.5245361328125 0.1879032258064516 0.049072265625 0.09086021505376345
0 0.58251953125 0.1989247311827957 0.046875 0.08064516129032258
0 0.632080078125 0.21317204301075268 0.056640625 0.09086021505376345
0 0.7318115234375 0.2545698924731183 0.038330078125 0.06505376344086021
0 0.7587890625 0.2709677419354839 0.04541015625 0.06989247311827956
0 0.7874755859375 0.2970430107526882 0.040771484375 0.07473118279569893
0 0.8089599609375 0.31747311827956987 0.026611328125 0.06827956989247312
0 0.8251953125 0.32768817204301076 0.0439453125 0.08870967741935484
1 0.2310791015625 0.3016129032258065 0.007080078125 0.00967741935483871
1 0.262939453125 0.2801075268817204 0.00830078125 0.008602150537634409
1 0.29931640625 0.26021505376344084 0.01025390625 0.008602150537634409
1 0.348388671875 0.2403225806451613 0.01171875 0.010752688172043012
1 0.4014892578125 0.22231182795698926 0.012939453125 0.00913978494623656
1 0.4620361328125 0.21451612903225806 0.009521484375 0.010752688172043012
1 0.52880859375 0.21048387096774193 0.0146484375 0.008064516129032258
1 0.5909423828125 0.21935483870967742 0.010986328125 0.00967741935483871
1 0.6448974609375 0.2360215053763441 0.011474609375 0.00967741935483871
1 0.8172607421875 0.34301075268817205 0.006591796875 0.007526881720430108
1 0.843017578125 0.3577956989247312 0.00390625 0.006989247311827957
3 0.802978515625 0.32150537634408605 0.00244140625 0.005376344086021506
3 0.6461181640625 0.225 0.003662109375 0.006989247311827957
3 0.5286865234375 0.1989247311827957 0.003662109375 0.005376344086021506
3 0.4615478515625 0.20376344086021506 0.005126953125 0.0064516129032258064
3 0.3475341796875 0.2228494623655914 0.003173828125 0.003763440860215054
3 0.26171875 0.27231182795698927 0.00244140625 0.004838709677419355
3 0.2294921875 0.29059139784946236 0.00146484375 0.004838709677419355
