0 0.28662109375 0.4954301075268817 0.23095703125 0.44247311827956987
0 0.1685791015625 0.5024193548387097 0.133544921875 0.30268817204301074
1 0.204833984375 0.592741935483871 0.0390625 0.01989247311827957
3 0.2091064453125 0.6112903225806452 0.035400390625 0.03333333333333333
0 0.33154296875 0.21801075268817205 0.048828125 0.08655913978494624
0 0.375732421875 0.20241935483870968 0.05517578125 0.08978494623655914
3 0.36181640625 0.2120967741935484 0.00390625 0.006989247311827957
1 0.36279296875 0.22661290322580646 0.01123046875 0.01021505376344086
0 0.4288330078125 0.18629032258064515 0.051513671875 0.08870967741935484
3 0.4212646484375 0.19731182795698926 0.004150390625 0.0064516129032258064
1 0.4217529296875 0.20833333333333334 0.013427734375 0.00913978494623656
0 0.4879150390625 0.1774193548387097 0.042724609375 0.08387096774193549
3 0.488525390625 0.18575268817204302 0.00439453125 0.006989247311827957
1 0.4888916015625 0.1978494623655914 0.014892578125 0.00967741935483871
0 0.5450439453125 0.1814516129032258 0.048583984375 0.08655913978494624
0 0.598876953125 0.18655913978494623 0.0615234375 0.1053763440860215
0 0.648681640625 0.20833333333333334 0.052734375 0.09301075268817205
0 0.688720703125 0.225 0.05322265625 0.08655913978494624
0 0.7264404296875 0.24381720430107526 0.053466796875 0.08548387096774193
0 0.75244140625 0.2553763440860215 0.04296875 0.08709677419354839
0 0.780517578125 0.2763440860215054 0.03662109375 0.07849462365591398
0 0.80126953125 0.2938172043010753 0.03369140625 0.07688172043010753
0 0.8206787109375 0.310752688172043 0.030029296875 0.07096774193548387
0 0.8343505859375 0.32526881720430106 0.031494140625 0.07096774193548387
0 0.847412109375 0.3349462365591398 0.02294921875 0.05698924731182796
0 0.85791015625 0.3467741935483871 0.025390625 0.060215053763440864
0 0.86669921875 0.35591397849462364 0.0234375 0.05913978494623656
0 0.8746337890625 0.3618279569892473 0.021728515625 0.053763440860215055
0 0.892333984375 0.3844086021505376 0.02685546875 0.04946236559139785
0 0.913330078125 0.40698924731182795 0.0224609375 0.03870967741935484
0 0.1204833984375 0.4956989247311828 0.075927734375 0.2075268817204301
3 0.5506591796875 0.19059139784946236 0.004150390625 0.006989247311827957
1 0.5504150390625 0.2021505376344086 0.014404296875 0.010752688172043012
3 0.6634521484375 0.22446236559139784 0.004150390625 0.006989247311827957
1 0.6121826171875 0.21666666666666667 0.009033203125 0.012903225806451613
