0 0.6044407894736842 0.4371345029239766 0.33848684210526314 0.6418128654970761
0 0.2136513157894737 0.4053362573099415 0.22532894736842105 0.4100877192982456
0 0.8422697368421053 0.4071637426900585 0.1713815789473684 0.3172514619883041
1 0.1225328947368421 0.5296052631578947 0.023355263157894737 0.02412280701754386
1 0.6659539473684211 0.72953216374269 0.07335526315789474 0.049707602339181284
3 0.6986842105263158 0.5851608187134503 0.04342105263157895 0.025584795321637425
0 0.1125 0.4382309941520468 0.09407894736842105 0.2814327485380117
0 0.07894736842105263 0.4521198830409357 0.06710526315789474 0.2185672514619883
0 0.043256578947368424 0.48866959064327486 0.04111842105263158 0.1440058479532164
0 0.5213815789473685 0.05847953216374269 0.05921052631578947 0.09502923976608187
0 0.5860197368421053 0.061769005847953216 0.06875 0.1074561403508772
0 0.6449013157894737 0.0807748538011696 0.06743421052631579 0.10307017543859649
0 0.6991776315789474 0.11440058479532164 0.06085526315789474 0.10014619883040936
0 0.7384868421052632 0.13815789473684212 0.05460526315789474 0.10380116959064327
0 0.44473684210526315 0.06140350877192982 0.056578947368421055 0.09649122807017543
0 0.38108552631578946 0.08187134502923976 0.0694078947368421 0.08771929824561403
0 0.3274671052631579 0.10087719298245613 0.059539473684210524 0.10526315789473684
0 0.2774671052631579 0.13742690058479531 0.05756578947368421 0.10818713450292397
0 0.23536184210526315 0.16666666666666666 0.05361842105263158 0.11403508771929824
0 0.20164473684210527 0.20431286549707603 0.04144736842105263 0.09722222222222222
0 0.17763157894736842 0.23501461988304093 0.035526315789473684 0.09576023391812866
0 0.15378289473684212 0.266812865497076 0.033223684210526315 0.08771929824561403
0 0.14226973684210525 0.277046783625731 0.02993421052631579 0.08625730994152046
0 0.4633223684210526 0.02850877192982456 0.037171052631578945 0.05701754385964912
0 0.41134868421052634 0.036915204678362575 0.03519736842105263 0.05043859649122807
0 0.32105263157894737 0.0668859649122807 0.046052631578947366 0.051900584795321635
0 0.9404605263157895 0.4371345029239766 0.05263157894736842 0.1301169590643275
