0 0.6873779296875 0.46182795698924733 0.241455078125 0.4752688172043011
0 0.47998046875 0.4922043010752688 0.1875 0.5155913978494624
0 0.2869873046875 0.4938172043010753 0.229248046875 0.43709677419354837
1 0.2093505859375 0.6120967741935484 0.035888671875 0.03387096774193549
1 0.4820556640625 0.6126344086021506 0.023193359375 0.03924731182795699
1 0.76953125 0.5577956989247311 0.01171875 0.02849462365591398
3 0.20361328125 0.5948924731182795 0.0341796875 0.015591397849462365
3 0.481201171875 0.5793010752688172 0.01171875 0.02849462365591398
3 0.779296875 0.5293010752688172 0.0087890625 0.01989247311827957
0 0.1666259765625 0.5021505376344086 0.133056640625 0.3032258064516129
0 0.1197509765625 0.49516129032258066 0.074462890625 0.2053763440860215
0 0.254638671875 0.23790322580645162 0.0380859375 0.05
0 0.3311767578125 0.21854838709677418 0.047607421875 0.08655913978494624
0 0.375732421875 0.2013440860215054 0.0556640625 0.08978494623655914
0 0.42919921875 0.18440860215053764 0.05126953125 0.0913978494623656
0 0.48828125 0.17661290322580644 0.04248046875 0.08333333333333333
0 0.54541015625 0.17876344086021506 0.048828125 0.08655913978494624
0 0.5972900390625 0.18924731182795698 0.059814453125 0.07956989247311828
0 0.644287109375 0.19596774193548386 0.05615234375 0.07365591397849462
0 0.687744140625 0.21989247311827956 0.05322265625 0.08064516129032258
0 0.7564697265625 0.28198924731182795 0.087646484375 0.12419354838709677
0 0.7818603515625 0.27338709677419354 0.034423828125 0.07258064516129033
0 0.803955078125 0.2932795698924731 0.02783203125 0.06827956989247312
0 0.82177734375 0.3099462365591398 0.02685546875 0.07043010752688172
0 0.8349609375 0.32365591397849464 0.0302734375 0.07204301075268817
3 0.1114501953125 0.5758064516129032 0.004150390625 0.012903225806451613
1 0.0963134765625 0.5776881720430107 0.007568359375 0.016666666666666666
1 0.2406005859375 0.2467741935483871 0.005126953125 0.007526881720430108
1 0.3184814453125 0.24381720430107526 0.007568359375 0.008064516129032258
1 0.36279296875 0.22580645161290322 0.0107421875 0.011827956989247311
1 0.4215087890625 0.20779569892473118 0.013427734375 0.01021505376344086
3 0.4207763671875 0.19650537634408602 0.004150390625 0.006989247311827957
3 0.361572265625 0.21236559139784947 0.00390625 0.0064516129032258064
3 0.488525390625 0.18467741935483872 0.00439453125 0.006989247311827957
3 0.55078125 0.18844086021505377 0.00390625 0.006989247311827957
3 0.61083984375 0.20618279569892473 0.00341796875 0.006989247311827957
1 0.4886474609375 0.1967741935483871 0.014404296875 0.00967741935483871
1 0.55078125 0.20053763440860214 0.01416015625 0.00967741935483871
1 0.610595703125 0.2161290322580645 0.009765625 0.007526881720430108
1 0.6605224609375 0.22849462365591397 0.006591796875 0.0064516129032258064
1 0.7054443359375 0.24919354838709679 0.009033203125 0.008064516129032258
1 0.7239990234375 0.2521505376344086 0.009033203125 0.015053763440860216
3 0.66064453125 0.21881720430107526 0.00341796875 0.0064516129032258064
3 0.7252197265625 0.2435483870967742 0.003173828125 0.004301075268817204
1 0.8135986328125 0.3193548387096774 0.003662109375 0.007526881720430108
3 0.795166015625 0.2940860215053763 0.00146484375 0.004301075268817204
3 0.8138427734375 0.3123655913978495 0.001220703125 0.0032258064516129032
