0 0.3539473684210526 0.39400584795321636 0.25855263157894737 0.6242690058479532
0 0.15723684210526315 0.4641812865497076 0.16842105263157894 0.34649122807017546
0 0.6365131578947368 0.40095029239766083 0.25263157894736843 0.5972222222222222
0 0.8075657894736842 0.3848684210526316 0.21776315789473685 0.4685672514619883
0 0.21167763157894737 0.2225877192982456 0.03585526315789474 0.10453216374269006
0 0.24391447368421051 0.1838450292397661 0.051644736842105264 0.1118421052631579
0 0.2814144736842105 0.15533625730994152 0.04901315789473684 0.1074561403508772
0 0.3305921052631579 0.10124269005847954 0.06447368421052632 0.09868421052631579
0 0.3916118421052632 0.06834795321637427 0.05493421052631579 0.06505847953216375
0 0.45263157894736844 0.057383040935672515 0.05 0.09283625730994152
0 0.5231907894736842 0.05116959064327485 0.05098684210526316 0.08771929824561403
0 0.5884868421052631 0.059941520467836254 0.060526315789473685 0.0891812865497076
0 0.6503289473684211 0.08260233918128655 0.06315789473684211 0.10087719298245613
0 0.7044407894736842 0.11513157894736842 0.05361842105263158 0.08406432748538012
0 0.7353618421052631 0.10891812865497076 0.05032894736842105 0.07894736842105263
1 0.3001644736842105 0.5614035087719298 0.07401315789473684 0.04678362573099415
1 0.6616776315789473 0.6703216374269005 0.07269736842105264 0.05116959064327485
1 0.45148026315789475 0.07894736842105263 0.010855263157894738 0.01023391812865497
1 0.2292763157894737 0.23026315789473684 0.007894736842105263 0.014619883040935672
1 0.20016447368421053 0.26498538011695905 0.008223684210526315 0.013888888888888888
1 0.26776315789473687 0.18969298245614036 0.010526315789473684 0.012426900584795321
1 0.5248355263157894 0.0712719298245614 0.014144736842105264 0.006578947368421052
1 0.6662828947368421 0.11257309941520467 0.010855263157894738 0.013157894736842105
1 0.5998355263157895 0.0891812865497076 0.010855263157894738 0.008771929824561403
3 0.27960526315789475 0.5047514619883041 0.013157894736842105 0.02850877192982456
3 0.6901315789473684 0.518640350877193 0.04144736842105263 0.02266081871345029
3 0.3807565789473684 0.09466374269005848 0.004934210526315789 0.00804093567251462
3 0.3138157894736842 0.1425438596491228 0.003947368421052632 0.007309941520467836
3 0.26644736842105265 0.17690058479532164 0.003947368421052632 0.007309941520467836
3 0.22648026315789474 0.21673976608187134 0.004934210526315789 0.009502923976608187
3 0.19901315789473684 0.2543859649122807 0.003947368421052632 0.005847953216374269
3 0.6004934210526316 0.0763888888888889 0.006907894736842105 0.013888888888888888
0 0.07664473684210527 0.46235380116959063 0.046052631578947366 0.08552631578947369
0 0.1513157894736842 0.2880116959064328 0.021052631578947368 0.04532163742690058
