0 0.6015625 0.4080645161290323 0.1298828125 0.25161290322580643
0 0.82666015625 0.46048387096774196 0.109375 0.1553763440860215
0 0.2366943359375 0.40456989247311825 0.132080078125 0.17580645161290323
0 0.0472412109375 0.4693548387096774 0.015380859375 0.03118279569892473
0 0.0869140625 0.4497311827956989 0.0341796875 0.07473118279569893
0 0.129150390625 0.4241935483870968 0.05615234375 0.11290322580645161
0 0.1494140625 0.4244623655913978 0.06787109375 0.1295698924731183
0 0.1739501953125 0.4206989247311828 0.066650390625 0.15
0 0.11083984375 0.396505376344086 0.021484375 0.031720430107526884
0 0.19140625 0.3293010752688172 0.037109375 0.06182795698924731
0 0.2139892578125 0.31908602150537635 0.033935546875 0.0553763440860215
0 0.2275390625 0.3123655913978495 0.03369140625 0.05698924731182796
0 0.256103515625 0.2887096774193548 0.0478515625 0.07204301075268817
0 0.277587890625 0.2913978494623656 0.03759765625 0.06451612903225806
0 0.307861328125 0.2771505376344086 0.046875 0.07580645161290323
0 0.340087890625 0.2696236559139785 0.0478515625 0.07580645161290323
0 0.381591796875 0.2615591397849462 0.04931640625 0.06935483870967742
0 0.4224853515625 0.25483870967741934 0.047119140625 0.07526881720430108
0 0.4691162109375 0.25188172043010754 0.040771484375 0.07580645161290323
0 0.5181884765625 0.2561827956989247 0.036376953125 0.07473118279569893
0 0.5626220703125 0.26344086021505375 0.045166015625 0.06989247311827956
0 0.607666015625 0.26559139784946234 0.05615234375 0.0913978494623656
0 0.6524658203125 0.2924731182795699 0.043212890625 0.07741935483870968
0 0.682861328125 0.30591397849462365 0.046875 0.07419354838709677
0 0.712646484375 0.3161290322580645 0.04638671875 0.08494623655913978
0 0.7393798828125 0.3338709677419355 0.031982421875 0.07096774193548387
0 0.760009765625 0.34059139784946235 0.0439453125 0.07258064516129033
0 0.7843017578125 0.35698924731182796 0.035400390625 0.06666666666666667
0 0.8839111328125 0.49408602150537634 0.018798828125 0.07204301075268817
0 0.8895263671875 0.48870967741935484 0.023193359375 0.07956989247311828
0 0.8985595703125 0.4924731182795699 0.036865234375 0.08494623655913978
0 0.9010009765625 0.4771505376344086 0.031494140625 0.06182795698924731
0 0.918212890625 0.5040322580645161 0.02099609375 0.05860215053763441
1 0.622802734375 0.46102150537634407 0.03515625 0.027419354838709678
1 0.5684814453125 0.2868279569892473 0.011474609375 0.005913978494623656
1 0.6201171875 0.296505376344086 0.0068359375 0.008064516129032258
1 0.662353515625 0.3161290322580645 0.00927734375 0.00967741935483871
1 0.6976318359375 0.3295698924731183 0.006591796875 0.007526881720430108
1 0.7283935546875 0.34274193548387094 0.006103515625 0.006989247311827957
1 0.7518310546875 0.35913978494623655 0.004638671875 0.004301075268817204
1 0.4654541015625 0.2706989247311828 0.010986328125 0.005913978494623656
1 0.4127197265625 0.2760752688172043 0.010986328125 0.008064516129032258
1 0.3687744140625 0.2803763440860215 0.010009765625 0.008064516129032258
1 0.324951171875 0.29193548387096774 0.005859375 0.00967741935483871
1 0.29345703125 0.29758064516129035 0.00634765625 0.006989247311827957
1 0.2655029296875 0.31370967741935485 0.004150390625 0.006989247311827957
1 0.2369384765625 0.31747311827956987 0.005126953125 0.005913978494623656
1 0.214599609375 0.33602150537634407 0.00439453125 0.0064516129032258064
1 0.2012939453125 0.3424731182795699 0.004150390625 0.005376344086021506
1 0.51904296875 0.27553763440860213 0.0126953125 0.00913978494623656
1 0.88916015625 0.5037634408602151 0.00341796875 0.0064516129032258064
1 0.9150390625 0.5180107526881721 0.001953125 0.004838709677419355
3 0.6268310546875 0.4338709677419355 0.006103515625 0.013978494623655914
3 0.293212890625 0.28897849462365593 0.001953125 0.004838709677419355
3 0.3685302734375 0.2731182795698925 0.002685546875 0.004301075268817204
3 0.4127197265625 0.2615591397849462 0.002685546875 0.005913978494623656
3 0.4658203125 0.2599462365591398 0.0029296875 0.006989247311827957
3 0.519287109375 0.2647849462365591 0.00390625 0.005913978494623656
3 0.56884765625 0.2779569892473118 0.00439453125 0.00967741935483871
3 0.621826171875 0.2760752688172043 0.00390625 0.00913978494623656
3 0.6981201171875 0.32204301075268815 0.002197265625 0.004301075268817204
3 0.729248046875 0.3362903225806452 0.001953125 0.004838709677419355
3 0.752197265625 0.3524193548387097 0.00146484375 0.003763440860215054
