0 0.7643092105263158 0.45723684210526316 0.23190789473684212 0.3603801169590643
0 0.15032894736842106 0.5614035087719298 0.19605263157894737 0.28654970760233917
0 0.5365131578947369 0.26608187134502925 0.14539473684210527 0.1286549707602339
0 0.04292763157894737 0.569078947368421 0.07269736842105264 0.10307017543859649
1 0.8595394736842106 0.52046783625731 0.021710526315789475 0.03216374269005848
0 0.45592105263157895 0.2412280701754386 0.05197368421052632 0.1067251461988304
0 0.3972039473684211 0.2573099415204678 0.06611842105263158 0.12426900584795321
0 0.34292763157894735 0.2913011695906433 0.051644736842105264 0.09868421052631579
0 0.30032894736842103 0.3081140350877193 0.06118421052631579 0.1074561403508772
0 0.25921052631578945 0.339546783625731 0.04736842105263158 0.09283625730994152
0 0.22845394736842106 0.35891812865497075 0.04638157894736842 0.0891812865497076
0 0.20164473684210527 0.3793859649122807 0.0375 0.08333333333333333
0 0.18881578947368421 0.38706140350877194 0.04144736842105263 0.08260233918128655
0 0.5824013157894737 0.22551169590643275 0.058223684210526316 0.07967836257309942
0 0.6319078947368421 0.2225877192982456 0.06513157894736842 0.09868421052631579
0 0.680921052631579 0.23501461988304093 0.05855263157894737 0.08406432748538012
0 0.7222039473684211 0.24451754385964913 0.05296052631578947 0.07236842105263158
0 0.7587171052631579 0.26133040935672514 0.054276315789473686 0.07236842105263158
0 0.7733552631578947 0.2507309941520468 0.03684210526315789 0.04239766081871345
0 0.8794407894736842 0.4608918128654971 0.12269736842105264 0.2638888888888889
0 0.49736842105263157 0.19042397660818713 0.01381578947368421 0.02850877192982456
0 0.5542763157894737 0.1966374269005848 0.028289473684210528 0.03508771929824561
0 0.34786184210526316 0.24926900584795322 0.03519736842105263 0.03508771929824561
0 0.27648026315789476 0.2887426900584795 0.03585526315789474 0.03654970760233918
0 0.3692434210526316 0.22697368421052633 0.01875 0.027046783625730993
0 0.42680921052631576 0.22076023391812866 0.02138157894736842 0.04239766081871345
0 0.5277960526315789 0.18640350877192982 0.019407894736842107 0.038011695906432746
