0 0.4412897243127588 0.10187938216325639 0.1382239336432989 0.16302015761779495
0 0.894957510719057 0.42123255590249237 0.1096525060187063 0.25533060888100756
0 0.5349178906490926 0.050438453718933275 0.05411184009752727 0.08757338495979639
0 0.6020724005448193 0.06415665832876474 0.057631514699836 0.09259311609100904
0 0.6639309210526316 0.09305569832785114 0.0660197368421055 0.09999971445540988
0 0.7135526325828152 0.11673448350694471 0.0578289493761561 0.10454272889254439
0 0.7583388479132401 0.15511681629203256 0.05634861996299342 0.10467864811769086
0 0.7815460523806121 0.16939304641812877 0.0468421047612238 0.09703262061403535
0 0.8097861199629933 0.20204671112417516 0.03398039165296041 0.08786535207291016
0 0.8250347592174523 0.19679055361216183 0.009933774583481337 0.00024527838477776014
0 0.8353969639226008 0.23559744427775806 0.03335946032875415 0.0747036604853396
0 0.8512920981959292 0.2506212736430926 0.039097354286595394 0.09802645856177006
0 0.8684864182221261 0.26187865497076024 0.04223599433898926 0.09612573099415204
0 0.404678087736431 0.06067265850758665 0.05222277189555933 0.08596491451151833
1 0.3910509064656262 0.1558498930034871 0.012286895853668286 0.008646888406966317
1 0.5392763159149572 0.07291884101622285 0.011381579198335226 0.008410781447650395
1 0.6121572394120066 0.085379974186769 0.014830258018092105 0.011988589638157894
3 0.3912679101073778 0.13582902061504978 0.004938703570901812 0.010974896824226248
3 0.5394408537212173 0.060380117098490525 0.003947239925987321 0.006578947647272925
3 0.612779605263158 0.07444390190972248 0.00450657894736866 0.006375354075292929
0 0.948893997836087 0.46069187205219214 0.052140939243511306 0.14393071770344287