0 0.37154605263157897 0.3527046783625731 0.22796052631578947 0.5080409356725146
0 0.15773026315789473 0.4586988304093567 0.19046052631578947 0.3793859649122807
0 0.7944078947368421 0.30738304093567254 0.3059210526315789 0.4276315789473684
0 0.2136513157894737 0.2185672514619883 0.04111842105263158 0.09941520467836257
0 0.24638157894736842 0.1838450292397661 0.04276315789473684 0.10453216374269006
0 0.28733552631578946 0.1440058479532164 0.059539473684210524 0.11257309941520467
0 0.3358552631578947 0.11074561403508772 0.05526315789473684 0.08991228070175439
0 0.3916118421052632 0.0756578947368421 0.06282894736842105 0.08698830409356725
0 0.4529605263157895 0.0625 0.05197368421052632 0.09429824561403509
0 0.5243421052631579 0.04861111111111111 0.05460526315789474 0.09722222222222222
0 0.5888157894736842 0.05701754385964912 0.06644736842105263 0.097953216374269
0 0.647203947368421 0.07529239766081872 0.051644736842105264 0.09064327485380116
0 0.6904605263157895 0.08406432748538012 0.04276315789473684 0.05847953216374269
0 0.9121710526315789 0.41191520467836257 0.06513157894736842 0.19809941520467836
0 0.8791118421052632 0.40862573099415206 0.058223684210526316 0.18859649122807018
0 0.10740131578947368 0.4466374269005848 0.09506578947368421 0.25146198830409355
1 0.3394736842105263 0.5328947368421053 0.06644736842105263 0.038011695906432746
3 0.3202302631578947 0.4448099415204678 0.023355263157894737 0.03289473684210526
