0 0.525634765625 0.5467741935483871 0.2421875 0.613978494623656
0 0.7440185546875 0.49650537634408604 0.243896484375 0.4693548387096774
0 0.3358154296875 0.43709677419354837 0.223876953125 0.4397849462365591
0 0.952392578125 0.5086021505376344 0.07080078125 0.11827956989247312
0 0.2109375 0.4282258064516129 0.13330078125 0.28978494623655915
0 0.1578369140625 0.43790322580645163 0.132080078125 0.28118279569892474
0 0.2353515625 0.2623655913978495 0.037109375 0.07096774193548387
0 0.26318359375 0.24301075268817204 0.04248046875 0.08279569892473118
0 0.2833251953125 0.2303763440860215 0.028564453125 0.07580645161290323
0 0.3216552734375 0.2053763440860215 0.068603515625 0.11290322580645161
1 0.26611328125 0.5303763440860215 0.0400390625 0.038172043010752686
1 0.5233154296875 0.7185483870967742 0.090087890625 0.056451612903225805
1 0.8358154296875 0.6231182795698925 0.030517578125 0.03978494623655914
3 0.2607421875 0.5053763440860215 0.03955078125 0.00967741935483871
3 0.51953125 0.678494623655914 0.0166015625 0.02903225806451613
3 0.84326171875 0.5991935483870968 0.0263671875 0.015591397849462365
0 0.3636474609375 0.19166666666666668 0.054443359375 0.08010752688172043
0 0.4124755859375 0.17311827956989248 0.073974609375 0.0956989247311828
0 0.468505859375 0.17338709677419356 0.05029296875 0.08548387096774193
0 0.52490234375 0.16774193548387098 0.04931640625 0.09247311827956989
0 0.5826416015625 0.1814516129032258 0.049072265625 0.10053763440860215
0 0.6351318359375 0.1978494623655914 0.054443359375 0.0978494623655914
0 0.681640625 0.2206989247311828 0.0498046875 0.08548387096774193
0 0.72216796875 0.23736559139784946 0.0478515625 0.08763440860215053
0 0.79248046875 0.29435483870967744 0.03662109375 0.08763440860215053
0 0.816650390625 0.3099462365591398 0.05615234375 0.11989247311827957
1 0.157958984375 0.510752688172043 0.01416015625 0.02043010752688172
1 0.248046875 0.271505376344086 0.00439453125 0.007526881720430108
1 0.2772216796875 0.25268817204301075 0.008056640625 0.00967741935483871
1 0.299072265625 0.2413978494623656 0.0048828125 0.010752688172043012
1 0.34814453125 0.22043010752688172 0.009765625 0.010752688172043012
1 0.3941650390625 0.20403225806451614 0.012451171875 0.01021505376344086
1 0.4605712890625 0.19865591397849464 0.010009765625 0.00913978494623656
1 0.5238037109375 0.19086021505376344 0.014404296875 0.007526881720430108
1 0.5858154296875 0.20698924731182797 0.010986328125 0.008602150537634409
1 0.6456298828125 0.22365591397849463 0.010986328125 0.007526881720430108
1 0.6953125 0.24596774193548387 0.009765625 0.01129032258064516
1 0.775390625 0.30268817204301074 0.0048828125 0.0064516129032258064
1 0.8056640625 0.32768817204301076 0.0048828125 0.006989247311827957
3 0.2476806640625 0.2631720430107527 0.002197265625 0.003763440860215054
3 0.2767333984375 0.24408602150537634 0.002197265625 0.004301075268817204
3 0.296630859375 0.22311827956989247 0.00439453125 0.008602150537634409
3 0.39306640625 0.1793010752688172 0.00244140625 0.002688172043010753
3 0.586669921875 0.1879032258064516 0.00390625 0.008064516129032258
3 0.5242919921875 0.1739247311827957 0.004150390625 0.00913978494623656
3 0.64697265625 0.2064516129032258 0.00439453125 0.007526881720430108
3 0.696044921875 0.23763440860215054 0.00341796875 0.0064516129032258064
3 0.77587890625 0.2948924731182796 0.001953125 0.003763440860215054
3 0.806640625 0.31908602150537635 0.00244140625 0.004838709677419355
