0 0.6480263157894737 0.3830409356725146 0.2631578947368421 0.6096491228070176
0 0.20953947368421053 0.4166666666666667 0.20460526315789473 0.48391812865497075
0 0.837171052631579 0.37719298245614036 0.18157894736842106 0.3260233918128655
0 0.5868421052631579 0.0489766081871345 0.06710526315789474 0.09064327485380116
0 0.6493421052631579 0.08114035087719298 0.06118421052631579 0.09210526315789473
0 0.6949013157894737 0.11257309941520467 0.05625 0.09649122807017543
0 0.7388157894736842 0.14181286549707603 0.04868421052631579 0.09941520467836257
0 0.4488486842105263 0.0581140350877193 0.05690789473684211 0.08991228070175439
0 0.3881578947368421 0.07858187134502924 0.06118421052631579 0.09722222222222222
0 0.3213815789473684 0.10160818713450293 0.07368421052631578 0.12573099415204678
0 0.2674342105263158 0.13486842105263158 0.042105263157894736 0.08991228070175439
0 0.16085526315789472 0.2547514619883041 0.04671052631578947 0.09576023391812866
0 0.09457236842105263 0.4612573099415205 0.11019736842105263 0.23830409356725146
0 0.23338815789473685 0.16410818713450293 0.04506578947368421 0.08991228070175439
0 0.5120065789473685 0.027777777777777776 0.04703947368421053 0.05555555555555555
0 0.3981907894736842 0.019371345029239765 0.01875 0.021198830409356724
0 0.4161184210526316 0.014985380116959063 0.015789473684210527 0.02266081871345029
0 0.4363486842105263 0.021564327485380116 0.023355263157894737 0.03874269005847953
0 0.07845394736842105 0.3888888888888889 0.02993421052631579 0.07309941520467836
0 0.051151315789473684 0.43640350877192985 0.015460526315789473 0.04239766081871345
0 0.03963815789473684 0.4480994152046784 0.016776315789473684 0.039473684210526314
0 0.03684210526315789 0.5025584795321637 0.046052631578947366 0.10891812865497076
0 0.12335526315789473 0.30116959064327486 0.021710526315789475 0.039473684210526314
0 0.18881578947368421 0.20211988304093567 0.021710526315789475 0.0489766081871345
0 0.20279605263157896 0.19517543859649122 0.018092105263157895 0.04532163742690058
1 0.6817434210526315 0.6469298245614035 0.0680921052631579 0.039473684210526314
1 0.7106907894736842 0.14437134502923976 0.007565789473684211 0.012426900584795321
1 0.7547697368421052 0.17616959064327486 0.007565789473684211 0.008771929824561403
3 0.7078947368421052 0.5398391812865497 0.018421052631578946 0.0445906432748538
3 0.6667763157894737 0.10562865497076024 0.003289473684210526 0.00804093567251462
