0 0.375 0.4378654970760234 0.2361842105263158 0.7017543859649122
0 0.7789473684210526 0.3980263157894737 0.24276315789473685 0.4407894736842105
0 0.5546052631578947 0.1111111111111111 0.26644736842105265 0.2222222222222222
3 0.3304276315789474 0.6944444444444444 0.02006578947368421 0.03070175438596491
0 0.21776315789473685 0.2134502923976608 0.04013157894736842 0.09941520467836257
0 0.24358552631578947 0.19042397660818713 0.04638157894736842 0.10453216374269006
0 0.27828947368421053 0.15935672514619884 0.04802631578947368 0.09064327485380116
0 0.3327302631578947 0.11330409356725146 0.055592105263157894 0.09210526315789473
0 0.3873355263157895 0.07858187134502924 0.05625 0.07383040935672515
0 0.6983552631578948 0.10782163742690058 0.0625 0.08552631578947369
0 0.4407894736842105 0.0489766081871345 0.038157894736842106 0.07602339181286549
0 0.7463815789473685 0.1286549707602339 0.04407894736842105 0.10818713450292397
0 0.7784539473684211 0.1600877192982456 0.03190789473684211 0.09064327485380116
1 0.34342105263157896 0.7423245614035088 0.0756578947368421 0.041666666666666664
0 0.7981907894736842 0.18457602339181287 0.040460526315789475 0.09283625730994152
0 0.8243421052631579 0.2141812865497076 0.03684210526315789 0.09210526315789473
0 0.8809210526315789 0.4060672514619883 0.11513157894736842 0.29312865497076024
0 0.9330592105263158 0.42616959064327486 0.059539473684210524 0.18421052631578946
0 0.9011513157894737 0.3194444444444444 0.02006578947368421 0.027777777777777776
0 0.41463815789473685 0.04422514619883041 0.029276315789473685 0.0533625730994152
