0 0.3603515625 0.48655913978494625 0.25390625 0.5516129032258065
0 0.2178955078125 0.46586021505376346 0.176513671875 0.3682795698924731
0 0.6937255859375 0.5115591397849463 0.331787109375 0.560752688172043
1 0.7857666015625 0.3626344086021505 0.065185546875 0.07043010752688172
1 0.3084716796875 0.6255376344086021 0.051513671875 0.0543010752688172
1 0.165771484375 0.5739247311827957 0.015625 0.016666666666666666
3 0.7802734375 0.30376344086021506 0.017578125 0.02795698924731183
3 0.8099365234375 0.5043010752688172 0.005615234375 0.016129032258064516
3 0.2950439453125 0.5663978494623656 0.014404296875 0.02849462365591398
3 0.155517578125 0.5413978494623656 0.005859375 0.016129032258064516
0 0.12353515625 0.5112903225806451 0.083984375 0.24623655913978496
0 0.113525390625 0.47634408602150535 0.083984375 0.1967741935483871
0 0.8570556640625 0.460752688172043 0.073486328125 0.22795698924731184
0 0.8941650390625 0.4876344086021505 0.057861328125 0.18387096774193548
0 0.6832275390625 0.22365591397849463 0.057373046875 0.07419354838709677
0 0.6329345703125 0.21048387096774193 0.055419921875 0.08548387096774193
0 0.5828857421875 0.19516129032258064 0.048095703125 0.07419354838709677
0 0.5247802734375 0.18629032258064515 0.051025390625 0.08978494623655914
0 0.4639892578125 0.19086021505376344 0.045654296875 0.08172043010752689
0 0.4136962890625 0.18494623655913978 0.056884765625 0.07311827956989247
0 0.3616943359375 0.20430107526881722 0.063720703125 0.08924731182795699
0 0.3165283203125 0.2293010752688172 0.055419921875 0.09193548387096774
0 0.2774658203125 0.2524193548387097 0.049072265625 0.08225806451612903
0 0.2470703125 0.2672043010752688 0.04638671875 0.08494623655913978
1 0.870361328125 0.5618279569892473 0.013671875 0.017204301075268817
3 0.8853759765625 0.5045698924731182 0.003173828125 0.01021505376344086
3 0.64599609375 0.2239247311827957 0.00390625 0.006989247311827957
1 0.5909423828125 0.21881720430107526 0.011474609375 0.00967741935483871
1 0.6448974609375 0.2349462365591398 0.012451171875 0.011827956989247311
1 0.528564453125 0.20940860215053764 0.01513671875 0.00913978494623656
1 0.4617919921875 0.21424731182795698 0.009521484375 0.01129032258064516
3 0.461669921875 0.20376344086021506 0.00439453125 0.007526881720430108
3 0.52880859375 0.19865591397849464 0.00341796875 0.005913978494623656
3 0.34375 0.2217741935483871 0.00439453125 0.006989247311827957
3 0.299072265625 0.2510752688172043 0.0029296875 0.0032258064516129032
1 0.2996826171875 0.2599462365591398 0.010498046875 0.01021505376344086
1 0.3450927734375 0.23440860215053763 0.010986328125 0.00967741935483871
1 0.2308349609375 0.3016129032258065 0.007080078125 0.008602150537634409
1 0.2626953125 0.2801075268817204 0.0087890625 0.00967741935483871
3 0.26171875 0.2717741935483871 0.001953125 0.005913978494623656
3 0.229736328125 0.2916666666666667 0.001953125 0.005913978494623656
