0 0.510986328125 0.3881720430107527 0.1044921875 0.27419354838709675
0 0.646484375 0.4118279569892473 0.134765625 0.24301075268817204
0 0.744873046875 0.425 0.12060546875 0.20161290322580644
0 0.8204345703125 0.4551075268817204 0.107177734375 0.20161290322580644
0 0.392578125 0.3922043010752688 0.13232421875 0.2295698924731183
0 0.2965087890625 0.39408602150537636 0.114990234375 0.1860215053763441
0 0.2276611328125 0.40698924731182795 0.086181640625 0.16021505376344086
0 0.1048583984375 0.4481182795698925 0.051025390625 0.06827956989247312
1 0.5147705078125 0.47123655913978496 0.035400390625 0.026344086021505377
1 0.6744384765625 0.4497311827956989 0.033447265625 0.026344086021505377
1 0.7862548828125 0.47338709677419355 0.017822265625 0.01881720430107527
1 0.2598876953125 0.4252688172043011 0.018798828125 0.017204301075268817
1 0.3641357421875 0.4217741935483871 0.027587890625 0.02204301075268817
1 0.863525390625 0.5069892473118279 0.00927734375 0.012903225806451613
3 0.5155029296875 0.4182795698924731 0.009521484375 0.01827956989247312
3 0.6796875 0.4290322580645161 0.00927734375 0.012903225806451613
3 0.78955078125 0.4591397849462366 0.00439453125 0.011827956989247311
3 0.2562255859375 0.40940860215053765 0.003173828125 0.01021505376344086
3 0.361328125 0.40241935483870966 0.00634765625 0.012365591397849462
3 0.867919921875 0.4954301075268817 0.00341796875 0.00913978494623656
0 0.8663330078125 0.4682795698924731 0.048583984375 0.14193548387096774
0 0.900634765625 0.49489247311827955 0.0361328125 0.10806451612903226
0 0.8992919921875 0.4768817204301075 0.062255859375 0.11827956989247312
0 0.754638671875 0.3260752688172043 0.041015625 0.06720430107526881
0 0.7276611328125 0.3099462365591398 0.047607421875 0.06397849462365592
0 0.6929931640625 0.29596774193548386 0.043701171875 0.06935483870967742
0 0.6541748046875 0.2817204301075269 0.051513671875 0.08064516129032258
0 0.6112060546875 0.2629032258064516 0.044677734375 0.060215053763440864
0 0.5692138671875 0.25483870967741934 0.039794921875 0.07741935483870968
0 0.51708984375 0.23736559139784946 0.04248046875 0.0478494623655914
0 0.4664306640625 0.24919354838709679 0.045654296875 0.07795698924731183
0 0.4259033203125 0.2537634408602151 0.043701171875 0.06236559139784946
0 0.3873291015625 0.2575268817204301 0.047607421875 0.07204301075268817
0 0.3475341796875 0.271505376344086 0.043701171875 0.06451612903225806
0 0.31494140625 0.28118279569892474 0.0458984375 0.060215053763440864
0 0.2869873046875 0.2948924731182796 0.042724609375 0.06505376344086021
0 0.263916015625 0.3016129032258065 0.04345703125 0.06236559139784946
0 0.2308349609375 0.3233870967741935 0.041259765625 0.06505376344086021
0 0.2073974609375 0.3387096774193548 0.028564453125 0.05268817204301075
0 0.1934814453125 0.3478494623655914 0.025634765625 0.05161290322580645
1 0.19677734375 0.443010752688172 0.01123046875 0.011827956989247311
3 0.1927490234375 0.4306451612903226 0.002197265625 0.0064516129032258064
3 0.8863525390625 0.4881720430107527 0.001708984375 0.0064516129032258064
1 0.8787841796875 0.525 0.007080078125 0.01021505376344086
1 0.91259765625 0.5201612903225806 0.00439453125 0.00913978494623656
1 0.926025390625 0.5091397849462366 0.00244140625 0.004301075268817204
1 0.76904296875 0.3543010752688172 0.00634765625 0.0064516129032258064
3 0.7698974609375 0.34838709677419355 0.002197265625 0.005376344086021506
3 0.667724609375 0.28736559139784945 0.00146484375 0.003763440860215054
3 0.7056884765625 0.3123655913978495 0.002685546875 0.005376344086021506
1 0.705322265625 0.31989247311827956 0.0087890625 0.008602150537634409
1 0.66748046875 0.3064516129032258 0.00830078125 0.007526881720430108
1 0.61962890625 0.2887096774193548 0.0107421875 0.007526881720430108
3 0.619873046875 0.2814516129032258 0.00341796875 0.005913978494623656
3 0.3741455078125 0.26505376344086023 0.003173828125 0.0032258064516129032
3 0.41552734375 0.2672043010752688 0.00244140625 0.0064516129032258064
3 0.460205078125 0.2543010752688172 0.0029296875 0.005376344086021506
1 0.460693359375 0.260752688172043 0.01025390625 0.0064516129032258064
1 0.415771484375 0.2739247311827957 0.01025390625 0.004838709677419355
1 0.374755859375 0.27876344086021504 0.005859375 0.00913978494623656
1 0.270751953125 0.31747311827956987 0.00634765625 0.005913978494623656
1 0.2991943359375 0.3064516129032258 0.007080078125 0.007526881720430108
1 0.3348388671875 0.29354838709677417 0.009033203125 0.007526881720430108
3 0.3348388671875 0.2860215053763441 0.002685546875 0.005376344086021506
3 0.298583984375 0.29973118279569894 0.00244140625 0.003763440860215054
3 0.2706298828125 0.3110215053763441 0.001708984375 0.003763440860215054
3 0.247314453125 0.3185483870967742 0.00146484375 0.002688172043010753
1 0.247802734375 0.32526881720430106 0.00439453125 0.005376344086021506
1 0.2137451171875 0.34946236559139787 0.002685546875 0.004301075268817204
1 0.1954345703125 0.36075268817204303 0.003173828125 0.004301075268817204
