0 0.6333881578947368 0.43969298245614036 0.2805921052631579 0.6469298245614035
0 0.21217105263157895 0.4060672514619883 0.22236842105263158 0.40862573099415206
0 0.8496710526315789 0.41228070175438597 0.15657894736842104 0.30409356725146197
0 0.4417763157894737 0.0581140350877193 0.05394736842105263 0.09576023391812866
0 0.5207236842105263 0.05555555555555555 0.06184210526315789 0.09502923976608187
0 0.5891447368421052 0.05921052631578947 0.06842105263157895 0.097953216374269
0 0.647203947368421 0.07383040935672515 0.0694078947368421 0.097953216374269
0 0.3773026315789474 0.07785087719298246 0.06644736842105263 0.08114035087719298
0 0.32549342105263157 0.09868421052631579 0.05756578947368421 0.097953216374269
0 0.27516447368421054 0.13157894736842105 0.047697368421052634 0.09502923976608187
0 0.43914473684210525 0.0847953216374269 0.017763157894736842 0.017543859649122806
1 0.6648026315789474 0.7269736842105263 0.08026315789473684 0.051900584795321635
1 0.12384868421052632 0.5296052631578947 0.020723684210526314 0.021198830409356724
3 0.7001644736842105 0.5851608187134503 0.04177631578947368 0.025584795321637425
0 0.6986842105263158 0.11403508771929824 0.06118421052631579 0.10087719298245613
0 0.7386513157894737 0.1385233918128655 0.05361842105263158 0.10307017543859649
0 0.5585526315789474 0.029970760233918127 0.04013157894736842 0.059941520467836254
0 0.4631578947368421 0.02850877192982456 0.0375 0.05701754385964912
0 0.41151315789473686 0.039108187134502925 0.034868421052631576 0.05482456140350877
0 0.43536184210526313 0.012426900584795321 0.02006578947368421 0.021929824561403508
0 0.36644736842105263 0.04568713450292398 0.02763157894736842 0.03289473684210526
0 0.32335526315789476 0.07054093567251463 0.05131578947368421 0.05921052631578947
0 0.34983552631578946 0.04203216374269006 0.024671052631578948 0.025584795321637425
0 0.23536184210526315 0.16593567251461988 0.05361842105263158 0.1154970760233918
0 0.20180921052631579 0.20248538011695907 0.04177631578947368 0.09502923976608187
0 0.17730263157894738 0.23574561403508773 0.034868421052631576 0.09429824561403509
0 0.15378289473684212 0.266812865497076 0.033223684210526315 0.0891812865497076
0 0.14029605263157896 0.2810672514619883 0.026644736842105263 0.07821637426900585
0 0.1261513157894737 0.29385964912280704 0.018092105263157895 0.04824561403508772
0 0.11332236842105263 0.3125 0.010855263157894738 0.03435672514619883
0 0.10855263157894737 0.3205409356725146 0.011842105263157895 0.035818713450292396
0 0.1118421052631579 0.4415204678362573 0.09473684210526316 0.28654970760233917
0 0.07944078947368421 0.45358187134502925 0.0694078947368421 0.2185672514619883
0 0.042598684210526316 0.4868421052631579 0.0430921052631579 0.14181286549707603
0 0.08651315789473685 0.36988304093567254 0.03223684210526316 0.06432748538011696
0 0.07516447368421053 0.38377192982456143 0.023355263157894737 0.06432748538011696
