0 0.8697368421052631 0.4583333333333333 0.20460526315789473 0.3654970760233918
0 0.3787828947368421 0.3830409356725146 0.2305921052631579 0.5614035087719298
0 0.13733552631578946 0.4195906432748538 0.10953947368421052 0.23684210526315788
0 0.6277960526315789 0.10087719298245613 0.058881578947368424 0.08187134502923976
0 0.5646381578947368 0.08845029239766082 0.054276315789473686 0.1023391812865497
0 0.4909539473684211 0.08114035087719298 0.054276315789473686 0.09210526315789473
0 0.4287828947368421 0.0804093567251462 0.062171052631578946 0.06432748538011696
0 0.3682565789473684 0.10489766081871345 0.06348684210526316 0.10014619883040936
0 0.3199013157894737 0.13669590643274854 0.04901315789473684 0.09210526315789473
0 0.275 0.15533625730994152 0.042105263157894736 0.08552631578947369
0 0.23914473684210527 0.19407894736842105 0.042105263157894736 0.08845029239766082
0 0.21217105263157895 0.22002923976608188 0.03289473684210526 0.09210526315789473
0 0.18618421052631579 0.24049707602339182 0.019078947368421053 0.06432748538011696
0 0.0837171052631579 0.4586988304093567 0.04967105263157895 0.13815789473684212
0 0.7733552631578947 0.17690058479532164 0.046052631578947366 0.07748538011695906
0 0.7177631578947369 0.19188596491228072 0.13815789473684212 0.18201754385964913
0 0.10625 0.36330409356725146 0.03223684210526316 0.06432748538011696
0 0.060526315789473685 0.46747076023391815 0.026973684210526316 0.09576023391812866
0 0.17384868421052632 0.2642543859649123 0.02598684210526316 0.07383040935672515
0 0.16348684210526315 0.2730263157894737 0.02763157894736842 0.06798245614035088
0 0.1518092105263158 0.2894736842105263 0.022039473684210525 0.06578947368421052
0 0.4606907894736842 0.0625 0.029276315789473685 0.051900584795321635
0 0.5141447368421053 0.06030701754385965 0.029605263157894735 0.056286549707602336
0 0.5434210526315789 0.047149122807017545 0.019736842105263157 0.035818713450292396
0 0.6006578947368421 0.07163742690058479 0.0375 0.049707602339181284
1 0.3205592105263158 0.6136695906432749 0.059539473684210524 0.0445906432748538
1 0.48404605263157896 0.10562865497076024 0.012828947368421053 0.009502923976608187
1 0.5697368421052632 0.11586257309941521 0.015789473684210527 0.009502923976608187
1 0.640625 0.11293859649122807 0.010855263157894738 0.009502923976608187
1 0.35460526315789476 0.13669590643274854 0.011842105263157895 0.013157894736842105
1 0.30641447368421054 0.16812865497076024 0.008223684210526315 0.011695906432748537
3 0.31726973684210524 0.5219298245614035 0.03256578947368421 0.029239766081871343
3 0.6434210526315789 0.09904970760233918 0.004605263157894736 0.012426900584795321
3 0.48404605263157896 0.09576023391812866 0.005592105263157895 0.005847953216374269
3 0.5702302631578947 0.10416666666666667 0.0042763157894736845 0.00804093567251462
