0 0.3614501953125 0.482258064516129 0.253173828125 0.5419354838709678
0 0.6351318359375 0.48736559139784946 0.250732421875 0.5811827956989247
0 0.7811279296875 0.4599462365591398 0.160888671875 0.4026881720430108
0 0.21435546875 0.46344086021505376 0.23291015625 0.45483870967741935
1 0.3115234375 0.6231182795698925 0.06591796875 0.04408602150537634
1 0.67919921875 0.6381720430107527 0.07568359375 0.05913978494623656
1 0.8316650390625 0.5615591397849462 0.026123046875 0.026344086021505377
1 0.13720703125 0.5790322580645161 0.02197265625 0.034408602150537634
3 0.295654296875 0.5806451612903226 0.0166015625 0.03763440860215054
3 0.69140625 0.5854838709677419 0.0166015625 0.030107526881720432
3 0.8394775390625 0.5413978494623656 0.006591796875 0.013978494623655914
3 0.1258544921875 0.5422043010752688 0.005615234375 0.01881720430107527
0 0.8363037109375 0.4685483870967742 0.145751953125 0.3532258064516129
0 0.8985595703125 0.4970430107526882 0.075439453125 0.19946236559139785
0 0.320068359375 0.21989247311827956 0.05126953125 0.07096774193548387
0 0.361328125 0.20779569892473118 0.056640625 0.07580645161290323
0 0.4134521484375 0.18763440860215053 0.058349609375 0.07956989247311828
0 0.4637451171875 0.19193548387096773 0.046630859375 0.08172043010752689
0 0.5245361328125 0.1868279569892473 0.050048828125 0.08870967741935484
0 0.5823974609375 0.1827956989247312 0.044189453125 0.047311827956989246
0 0.632568359375 0.2021505376344086 0.0546875 0.06881720430107527
0 0.731689453125 0.25188172043010754 0.0380859375 0.06612903225806452
1 0.52880859375 0.20967741935483872 0.0146484375 0.008602150537634409
1 0.4615478515625 0.21478494623655914 0.009521484375 0.01129032258064516
3 0.461669921875 0.20376344086021506 0.0048828125 0.0064516129032258064
3 0.5284423828125 0.19919354838709677 0.004150390625 0.004838709677419355
1 0.4012451171875 0.22016129032258064 0.012939453125 0.006989247311827957
1 0.06884765625 0.5564516129032258 0.0048828125 0.010752688172043012
1 0.0775146484375 0.5413978494623656 0.005615234375 0.012903225806451613
1 0.091064453125 0.5577956989247311 0.00732421875 0.014516129032258065
