0 0.6792763157894737 0.402046783625731 0.2578947368421053 0.554093567251462
0 0.3782894736842105 0.3972953216374269 0.24407894736842106 0.5869883040935673
0 0.2350328947368421 0.39985380116959063 0.19835526315789473 0.4546783625730994
1 0.31595394736842103 0.6472953216374269 0.06085526315789474 0.04312865497076023
1 0.7291118421052631 0.5698099415204678 0.06875 0.046052631578947366
3 0.3126644736842105 0.5460526315789473 0.03388157894736842 0.03216374269005848
3 0.7476973684210526 0.5047514619883041 0.013157894736842105 0.02850877192982456
0 0.15592105263157896 0.4163011695906433 0.11578947368421053 0.28289473684210525
0 0.13601973684210528 0.40131578947368424 0.13125 0.2997076023391813
0 0.08289473684210526 0.43969298245614036 0.05263157894736842 0.16739766081871346
0 0.06381578947368421 0.4546783625730994 0.03618421052631579 0.1111111111111111
0 0.05296052631578947 0.46016081871345027 0.03223684210526316 0.08260233918128655
0 0.49144736842105263 0.0720029239766082 0.06776315789473684 0.10599415204678363
0 0.5611842105263158 0.0891812865497076 0.05131578947368421 0.0891812865497076
0 0.6199013157894737 0.09904970760233918 0.054276315789473686 0.08114035087719298
0 0.6776315789473685 0.12463450292397661 0.060526315789473685 0.09283625730994152
0 0.6452302631578948 0.08589181286549707 0.03125 0.0533625730994152
0 0.8041118421052632 0.2189327485380117 0.05361842105263158 0.09868421052631579
0 0.42796052631578946 0.08442982456140351 0.06381578947368421 0.07529239766081872
0 0.3703947368421053 0.11366959064327485 0.06513157894736842 0.09283625730994152
0 0.3236842105263158 0.1286549707602339 0.06315789473684211 0.10818713450292397
0 0.27976973684210527 0.16410818713450293 0.05098684210526316 0.09137426900584796
0 0.25 0.1838450292397661 0.053289473684210525 0.10599415204678363
0 0.21973684210526315 0.21198830409356725 0.04078947368421053 0.097953216374269
0 0.19292763157894738 0.23501461988304093 0.03453947368421053 0.06798245614035088
0 0.6055921052631579 0.06798245614035088 0.0375 0.059941520467836254
0 0.10164473684210526 0.3527046783625731 0.025657894736842105 0.051900584795321635
