0 0.342529296875 0.4064516129032258 0.1416015625 0.2645161290322581
0 0.467529296875 0.3790322580645161 0.13818359375 0.24193548387096775
0 0.605712890625 0.3911290322580645 0.13427734375 0.2360215053763441
0 0.7169189453125 0.4153225806451613 0.115478515625 0.20376344086021506
1 0.7574462890625 0.46021505376344085 0.013916015625 0.016129032258064516
1 0.6368408203125 0.42258064516129035 0.016845703125 0.012903225806451613
1 0.3140869140625 0.4510752688172043 0.031982421875 0.025806451612903226
3 0.761962890625 0.4397849462365591 0.00341796875 0.010752688172043012
3 0.6409912109375 0.4043010752688172 0.006591796875 0.011827956989247311
3 0.310546875 0.42876344086021506 0.005859375 0.012365591397849462
0 0.0736083984375 0.5005376344086021 0.062744140625 0.07526881720430108
0 0.773681640625 0.4190860215053763 0.09375 0.1650537634408602
0 0.7330322265625 0.31370967741935485 0.042724609375 0.05967741935483871
0 0.75439453125 0.32741935483870965 0.02978515625 0.05161290322580645
0 0.7052001953125 0.3061827956989247 0.041259765625 0.07043010752688172
0 0.6715087890625 0.29193548387096774 0.043212890625 0.054838709677419356
0 0.64208984375 0.2868279569892473 0.04736328125 0.05967741935483871
0 0.6014404296875 0.2618279569892473 0.043212890625 0.04408602150537634
0 0.556640625 0.2663978494623656 0.0498046875 0.07903225806451612
0 0.4644775390625 0.25268817204301075 0.042236328125 0.04838709677419355
0 0.41748046875 0.2696236559139785 0.04443359375 0.07365591397849462
0 0.2938232421875 0.3118279569892473 0.052490234375 0.08387096774193549
0 0.2607421875 0.3279569892473118 0.0380859375 0.07311827956989247
0 0.233154296875 0.3446236559139785 0.04296875 0.07419354838709677
0 0.2076416015625 0.3580645161290323 0.036376953125 0.07096774193548387
0 0.1854248046875 0.37231182795698925 0.031005859375 0.06612903225806452
0 0.1180419921875 0.4166666666666667 0.024169921875 0.05913978494623656
0 0.1419677734375 0.40241935483870966 0.025634765625 0.0543010752688172
0 0.1497802734375 0.396505376344086 0.023193359375 0.0532258064516129
0 0.168701171875 0.3836021505376344 0.0302734375 0.06397849462365592
1 0.8094482421875 0.4615591397849462 0.008056640625 0.008064516129032258
1 0.7191162109375 0.3327956989247312 0.004150390625 0.007526881720430108
1 0.4134521484375 0.28951612903225804 0.012451171875 0.00913978494623656
1 0.276123046875 0.33736559139784944 0.00634765625 0.006989247311827957
1 0.24951171875 0.35161290322580646 0.0068359375 0.008602150537634409
1 0.2164306640625 0.3682795698924731 0.005615234375 0.0064516129032258064
1 0.1932373046875 0.38333333333333336 0.005126953125 0.0064516129032258064
1 0.173828125 0.3935483870967742 0.00244140625 0.004301075268817204
3 0.765625 0.3456989247311828 0.00146484375 0.0032258064516129032
3 0.7496337890625 0.3346774193548387 0.002197265625 0.003763440860215054
3 0.718994140625 0.3204301075268817 0.001953125 0.0032258064516129032
3 0.685791015625 0.3094086021505376 0.00244140625 0.003763440860215054
3 0.65673828125 0.30510752688172044 0.00244140625 0.004838709677419355
3 0.568603515625 0.2701612903225806 0.0029296875 0.005913978494623656
3 0.4132080078125 0.2771505376344086 0.003173828125 0.005913978494623656
3 0.275390625 0.3247311827956989 0.00244140625 0.004301075268817204
3 0.2484130859375 0.34086021505376346 0.002685546875 0.005376344086021506
