0 0.338623046875 0.4067204301075269 0.1337890625 0.2629032258064516
0 0.4757080078125 0.3739247311827957 0.120361328125 0.2521505376344086
0 0.605712890625 0.3895161290322581 0.134765625 0.23279569892473118
0 0.7161865234375 0.414247311827957 0.115966796875 0.20161290322580644
1 0.3143310546875 0.4508064516129032 0.031982421875 0.026344086021505377
1 0.7578125 0.4599462365591398 0.01416015625 0.015591397849462365
1 0.636962890625 0.42231182795698924 0.01708984375 0.013440860215053764
3 0.3106689453125 0.42876344086021506 0.006103515625 0.012365591397849462
3 0.7618408203125 0.4397849462365591 0.003662109375 0.010752688172043012
3 0.640869140625 0.40403225806451615 0.00634765625 0.012365591397849462
0 0.0731201171875 0.5016129032258064 0.061767578125 0.08064516129032258
0 0.7733154296875 0.4182795698924731 0.094482421875 0.16236559139784945
0 0.8072509765625 0.4260752688172043 0.068603515625 0.15
0 0.73291015625 0.31290322580645163 0.0419921875 0.05591397849462366
0 0.7049560546875 0.30591397849462365 0.041259765625 0.06989247311827956
0 0.6719970703125 0.2911290322580645 0.042724609375 0.0521505376344086
0 0.642333984375 0.2860215053763441 0.04833984375 0.05913978494623656
0 0.601318359375 0.2623655913978495 0.04443359375 0.043010752688172046
0 0.556396484375 0.2653225806451613 0.04931640625 0.07795698924731183
0 0.512451171875 0.25887096774193546 0.03857421875 0.06182795698924731
0 0.41796875 0.26666666666666666 0.04345703125 0.06989247311827956
0 0.2933349609375 0.31129032258064515 0.051513671875 0.08602150537634409
0 0.260498046875 0.32768817204301076 0.03759765625 0.07150537634408602
0 0.2332763671875 0.34408602150537637 0.044189453125 0.07526881720430108
0 0.2073974609375 0.35698924731182796 0.036376953125 0.07096774193548387
0 0.185302734375 0.37150537634408604 0.03076171875 0.06559139784946237
0 0.1688232421875 0.3827956989247312 0.031005859375 0.06559139784946237
0 0.140625 0.4026881720430108 0.0244140625 0.053763440860215055
0 0.1500244140625 0.3978494623655914 0.021240234375 0.05053763440860215
0 0.1160888671875 0.41774193548387095 0.020751953125 0.05698924731182796
1 0.809326171875 0.4629032258064516 0.009765625 0.011827956989247311
1 0.7191162109375 0.33306451612903226 0.004150390625 0.005913978494623656
3 0.65673828125 0.30483870967741933 0.00244140625 0.005376344086021506
3 0.685791015625 0.3102150537634409 0.001953125 0.004301075268817204
3 0.7493896484375 0.3349462365591398 0.001708984375 0.004301075268817204
3 0.71923828125 0.3206989247311828 0.001953125 0.002688172043010753
3 0.56884765625 0.2698924731182796 0.00244140625 0.005376344086021506
3 0.4129638671875 0.2771505376344086 0.003173828125 0.004838709677419355
1 0.4134521484375 0.28897849462365593 0.011962890625 0.00913978494623656
1 0.2161865234375 0.3682795698924731 0.005126953125 0.0064516129032258064
1 0.1929931640625 0.3825268817204301 0.004638671875 0.005913978494623656
1 0.2493896484375 0.35161290322580646 0.006591796875 0.0064516129032258064
1 0.2762451171875 0.33736559139784944 0.006103515625 0.00913978494623656
3 0.275634765625 0.3247311827956989 0.0029296875 0.005376344086021506
3 0.24853515625 0.34086021505376346 0.001953125 0.004301075268817204
1 0.1741943359375 0.39408602150537636 0.002685546875 0.0032258064516129032
1 0.156005859375 0.40725806451612906 0.00244140625 0.005913978494623656
