0 0.3743421052631579 0.4371345029239766 0.2361842105263158 0.7032163742690059
0 0.7789473684210526 0.3896198830409357 0.24407894736842106 0.4342105263157895
0 0.553453947368421 0.1162280701754386 0.2700657894736842 0.2324561403508772
1 0.3425986842105263 0.7404970760233918 0.07730263157894737 0.04093567251461988
3 0.3314144736842105 0.6933479532163743 0.028618421052631578 0.03289473684210526
0 0.21776315789473685 0.21564327485380116 0.04013157894736842 0.10087719298245613
0 0.24342105263157895 0.1922514619883041 0.04802631578947368 0.10964912280701754
0 0.2810855263157895 0.15679824561403508 0.05361842105263158 0.10160818713450293
0 0.3324013157894737 0.11988304093567251 0.058223684210526316 0.09502923976608187
0 0.3883223684210526 0.08223684210526316 0.059539473684210524 0.08991228070175439
0 0.415625 0.04532163742690058 0.030592105263157896 0.054093567251461985
0 0.3557565789473684 0.05116959064327485 0.02993421052631579 0.04093567251461988
0 0.6993421052631579 0.11001461988304094 0.06315789473684211 0.09137426900584796
0 0.74375 0.13084795321637427 0.05460526315789474 0.10964912280701754
0 0.7738486842105263 0.15899122807017543 0.03453947368421053 0.08991228070175439
0 0.7980263157894737 0.18494152046783627 0.04144736842105263 0.09210526315789473
0 0.8240131578947368 0.2138157894736842 0.03684210526315789 0.09137426900584796
0 0.8792763157894737 0.40497076023391815 0.11381578947368422 0.2953216374269006
0 0.9011513157894737 0.32346491228070173 0.02006578947368421 0.035818713450292396
0 0.9476973684210527 0.46235380116959063 0.02894736842105263 0.1118421052631579
0 0.44243421052631576 0.04824561403508772 0.042105263157894736 0.07894736842105263
