0 0.6009521484375 0.414247311827957 0.128662109375 0.2478494623655914
0 0.2369384765625 0.4056451612903226 0.132568359375 0.17580645161290323
0 0.8280029296875 0.46021505376344085 0.106201171875 0.15483870967741936
1 0.6234130859375 0.46182795698924733 0.034423828125 0.025806451612903226
3 0.626953125 0.4336021505376344 0.005859375 0.013440860215053764
0 0.1728515625 0.4217741935483871 0.06591796875 0.15
0 0.14892578125 0.4241935483870968 0.0673828125 0.12903225806451613
0 0.1300048828125 0.4241935483870968 0.057861328125 0.11397849462365592
0 0.0855712890625 0.4467741935483871 0.033447265625 0.07204301075268817
0 0.9014892578125 0.49032258064516127 0.031982421875 0.08709677419354839
0 0.2366943359375 0.3204301075268817 0.066162109375 0.04838709677419355
0 0.277099609375 0.28978494623655915 0.0380859375 0.06451612903225806
0 0.307861328125 0.27741935483870966 0.04736328125 0.07634408602150537
0 0.339599609375 0.2693548387096774 0.04736328125 0.07634408602150537
0 0.3819580078125 0.2618279569892473 0.050048828125 0.06881720430107527
0 0.4351806640625 0.2771505376344086 0.063720703125 0.10591397849462365
0 0.470703125 0.2524193548387097 0.0380859375 0.07580645161290323
0 0.5174560546875 0.2545698924731183 0.035400390625 0.07258064516129033
0 0.562255859375 0.2615591397849462 0.04541015625 0.06827956989247312
0 0.6082763671875 0.2653225806451613 0.053955078125 0.09301075268817205
0 0.652099609375 0.2932795698924731 0.04345703125 0.07903225806451612
0 0.6837158203125 0.3061827956989247 0.044677734375 0.07473118279569893
0 0.712646484375 0.31586021505376344 0.04541015625 0.08333333333333333
0 0.739501953125 0.3338709677419355 0.02978515625 0.07096774193548387
0 0.7615966796875 0.3395161290322581 0.040283203125 0.07150537634408602
1 0.10595703125 0.4553763440860215 0.00341796875 0.0064516129032258064
1 0.1202392578125 0.45725806451612905 0.004150390625 0.012365591397849462
1 0.150390625 0.4551075268817204 0.0087890625 0.01129032258064516
1 0.18115234375 0.44408602150537635 0.01220703125 0.015053763440860216
3 0.1778564453125 0.431989247311828 0.003173828125 0.008064516129032258
3 0.147216796875 0.44516129032258067 0.001953125 0.005376344086021506
1 0.88916015625 0.5032258064516129 0.00390625 0.0064516129032258064
1 0.6976318359375 0.32903225806451614 0.006103515625 0.0064516129032258064
1 0.7286376953125 0.34301075268817205 0.005615234375 0.0064516129032258064
3 0.6981201171875 0.32231182795698926 0.002197265625 0.003763440860215054
3 0.7291259765625 0.3362903225806452 0.001708984375 0.004838709677419355
3 0.7783203125 0.35913978494623655 0.00146484375 0.0032258064516129032
3 0.752197265625 0.35161290322580646 0.001953125 0.004301075268817204
3 0.5684814453125 0.27741935483870966 0.005126953125 0.00967741935483871
3 0.62158203125 0.27553763440860213 0.00341796875 0.008064516129032258
3 0.663330078125 0.3064516129032258 0.0029296875 0.007526881720430108
1 0.5684814453125 0.2862903225806452 0.011474609375 0.005913978494623656
1 0.6197509765625 0.2967741935483871 0.007080078125 0.008602150537634409
1 0.66259765625 0.3161290322580645 0.01025390625 0.008602150537634409
1 0.5191650390625 0.27553763440860213 0.012451171875 0.00913978494623656
1 0.4664306640625 0.27043010752688174 0.009521484375 0.007526881720430108
1 0.4462890625 0.3045698924731183 0.01513671875 0.01129032258064516
1 0.2933349609375 0.29758064516129035 0.006591796875 0.005913978494623656
1 0.3250732421875 0.2916666666666667 0.005126953125 0.008064516129032258
1 0.369140625 0.2801075268817204 0.00927734375 0.007526881720430108
3 0.2930908203125 0.28897849462365593 0.002197265625 0.004838709677419355
3 0.368408203125 0.2731182795698925 0.0029296875 0.005376344086021506
3 0.4449462890625 0.28521505376344086 0.003662109375 0.00913978494623656
3 0.4656982421875 0.2599462365591398 0.003173828125 0.006989247311827957
3 0.519287109375 0.2645161290322581 0.00390625 0.0064516129032258064
