0 0.8240966796875 0.45725806451612905 0.107177734375 0.1435483870967742
0 0.23681640625 0.4056451612903226 0.13330078125 0.17688172043010753
0 0.1729736328125 0.4206989247311828 0.074951171875 0.1575268817204301
0 0.14794921875 0.42311827956989245 0.06396484375 0.13118279569892474
0 0.0472412109375 0.46908602150537637 0.015380859375 0.031720430107526884
0 0.88427734375 0.4817204301075269 0.0419921875 0.0967741935483871
0 0.9031982421875 0.49112903225806454 0.027587890625 0.08655913978494624
0 0.783935546875 0.35913978494623655 0.029296875 0.06129032258064516
0 0.76318359375 0.3432795698924731 0.03759765625 0.07580645161290323
0 0.7392578125 0.35994623655913977 0.07763671875 0.10698924731182796
0 0.6834716796875 0.3002688172043011 0.042236328125 0.08118279569892473
0 0.6480712890625 0.2849462365591398 0.050048828125 0.08817204301075268
0 0.60693359375 0.2768817204301075 0.04931640625 0.07741935483870968
0 0.5623779296875 0.2591397849462366 0.041748046875 0.08602150537634409
0 0.5152587890625 0.2532258064516129 0.034423828125 0.06989247311827956
0 0.468994140625 0.2510752688172043 0.04052734375 0.07311827956989247
0 0.422607421875 0.2543010752688172 0.0458984375 0.07741935483870968
0 0.37841796875 0.2599462365591398 0.04736328125 0.07365591397849462
0 0.33984375 0.26801075268817204 0.046875 0.07580645161290323
0 0.3035888671875 0.28198924731182795 0.043701171875 0.06935483870967742
0 0.27734375 0.28897849462365593 0.0400390625 0.06505376344086021
0 0.2547607421875 0.28817204301075267 0.045166015625 0.07204301075268817
0 0.2286376953125 0.30349462365591395 0.043212890625 0.07903225806451612
0 0.2022705078125 0.3282258064516129 0.027587890625 0.05
0 0.19091796875 0.32983870967741935 0.0361328125 0.06075268817204301
1 0.18115234375 0.4443548387096774 0.01123046875 0.015591397849462365
1 0.1439208984375 0.4629032258064516 0.007568359375 0.010752688172043012
3 0.177734375 0.4311827956989247 0.00390625 0.008602150537634409
1 0.8880615234375 0.5059139784946236 0.003662109375 0.0064516129032258064
1 0.7779541015625 0.3688172043010753 0.004638671875 0.007526881720430108
1 0.794189453125 0.38333333333333336 0.00439453125 0.0064516129032258064
3 0.79443359375 0.37768817204301075 0.00146484375 0.003763440860215054
3 0.7784423828125 0.35940860215053766 0.001708984375 0.004838709677419355
1 0.7088623046875 0.3521505376344086 0.007568359375 0.011827956989247311
1 0.6951904296875 0.32231182795698926 0.008544921875 0.00913978494623656
1 0.6605224609375 0.3131720430107527 0.008056640625 0.008064516129032258
1 0.6170654296875 0.2991935483870968 0.010498046875 0.00913978494623656
1 0.566650390625 0.2801075268817204 0.00927734375 0.0064516129032258064
1 0.465576171875 0.2706989247311828 0.01123046875 0.008064516129032258
1 0.51904296875 0.27446236559139786 0.01025390625 0.008064516129032258
1 0.4130859375 0.2739247311827957 0.01123046875 0.008064516129032258
1 0.3670654296875 0.278494623655914 0.006103515625 0.007526881720430108
1 0.324951171875 0.2913978494623656 0.00634765625 0.00967741935483871
1 0.2904052734375 0.30349462365591395 0.007080078125 0.008064516129032258
1 0.2635498046875 0.3110215053763441 0.007080078125 0.006989247311827957
1 0.2371826171875 0.3172043010752688 0.004638671875 0.005376344086021506
3 0.2366943359375 0.3123655913978495 0.001708984375 0.0032258064516129032
3 0.263427734375 0.3045698924731183 0.00244140625 0.004838709677419355
3 0.2899169921875 0.2954301075268817 0.001708984375 0.003763440860215054
3 0.3248291015625 0.2838709677419355 0.001708984375 0.004301075268817204
3 0.3665771484375 0.2706989247311828 0.003173828125 0.005913978494623656
3 0.4129638671875 0.26048387096774195 0.002685546875 0.006989247311827957
3 0.4659423828125 0.2594086021505376 0.003173828125 0.006989247311827957
3 0.56689453125 0.26666666666666666 0.00341796875 0.007526881720430108
3 0.6177978515625 0.28951612903225804 0.004150390625 0.01021505376344086
3 0.696044921875 0.3123655913978495 0.001953125 0.005376344086021506
3 0.71240234375 0.33306451612903226 0.00244140625 0.006989247311827957
