0 0.3548583984375 0.421505376344086 0.132080078125 0.23655913978494625
0 0.483154296875 0.4051075268817204 0.11181640625 0.2349462365591398
0 0.6104736328125 0.40456989247311825 0.142822265625 0.22311827956989247
0 0.7109375 0.40456989247311825 0.1259765625 0.21236559139784947
1 0.7540283203125 0.4728494623655914 0.015869140625 0.015591397849462365
1 0.651611328125 0.4360215053763441 0.0234375 0.01935483870967742
1 0.4854736328125 0.4295698924731183 0.034912109375 0.021505376344086023
1 0.328125 0.460752688172043 0.03271484375 0.025806451612903226
3 0.7596435546875 0.4403225806451613 0.004150390625 0.010752688172043012
3 0.6541748046875 0.4166666666666667 0.005615234375 0.011827956989247311
3 0.4866943359375 0.4053763440860215 0.006103515625 0.013978494623655914
3 0.323974609375 0.44086021505376344 0.00439453125 0.010752688172043012
0 0.070068359375 0.5008064516129033 0.06005859375 0.08225806451612903
0 0.782958984375 0.4244623655913978 0.06591796875 0.15645161290322582
0 0.8056640625 0.4252688172043011 0.0673828125 0.12903225806451613
0 0.152099609375 0.39543010752688174 0.03955078125 0.07150537634408602
0 0.1717529296875 0.38225806451612904 0.032958984375 0.06129032258064516
0 0.1871337890625 0.3717741935483871 0.029052734375 0.06182795698924731
0 0.213623046875 0.35376344086021505 0.0380859375 0.07096774193548387
0 0.2581787109375 0.36693548387096775 0.095947265625 0.11021505376344086
0 0.3277587890625 0.31693548387096776 0.097900390625 0.08440860215053764
0 0.3760986328125 0.2768817204301075 0.042724609375 0.05806451612903226
0 0.4207763671875 0.271505376344086 0.044189453125 0.07956989247311828
0 0.4639892578125 0.26370967741935486 0.039306640625 0.06397849462365592
0 0.511962890625 0.2645161290322581 0.04248046875 0.08172043010752689
0 0.56005859375 0.2696236559139785 0.0458984375 0.07688172043010753
0 0.6038818359375 0.2682795698924731 0.051025390625 0.06451612903225806
0 0.6417236328125 0.28521505376344086 0.044677734375 0.06720430107526881
0 0.6749267578125 0.2854838709677419 0.048583984375 0.054838709677419356
0 0.7314453125 0.31451612903225806 0.0419921875 0.05591397849462366
0 0.7518310546875 0.32688172043010755 0.031005859375 0.05698924731182796
0 0.804443359375 0.35268817204301073 0.0361328125 0.04838709677419355
1 0.8028564453125 0.45268817204301076 0.011474609375 0.011827956989247311
1 0.83544921875 0.45806451612903226 0.00390625 0.00967741935483871
3 0.806884765625 0.4413978494623656 0.00390625 0.007526881720430108
1 0.199462890625 0.37983870967741934 0.00341796875 0.006989247311827957
1 0.4183349609375 0.2884408602150538 0.007080078125 0.00913978494623656
1 0.4639892578125 0.2868279569892473 0.011474609375 0.004838709677419355
1 0.5157470703125 0.27553763440860213 0.009033203125 0.005913978494623656
1 0.56689453125 0.29274193548387095 0.01171875 0.008064516129032258
1 0.65478515625 0.30752688172043013 0.0087890625 0.008602150537634409
3 0.41748046875 0.27338709677419354 0.0029296875 0.004838709677419355
3 0.463623046875 0.2779569892473118 0.00244140625 0.005376344086021506
3 0.51611328125 0.26881720430107525 0.0029296875 0.005376344086021506
3 0.5672607421875 0.27741935483870966 0.003662109375 0.0064516129032258064
3 0.6187744140625 0.2887096774193548 0.003173828125 0.005376344086021506
3 0.655029296875 0.3 0.00244140625 0.005376344086021506
