0 0.5155029296875 0.403494623655914 0.176513671875 0.2553763440860215
0 0.6466064453125 0.4120967741935484 0.134521484375 0.24247311827956988
0 0.744873046875 0.4244623655913978 0.1201171875 0.19946236559139785
0 0.38818359375 0.3865591397849462 0.123046875 0.22365591397849463
0 0.297119140625 0.39301075268817204 0.1162109375 0.1860215053763441
0 0.22509765625 0.4 0.10546875 0.16881720430107527
0 0.1046142578125 0.44946236559139785 0.049072265625 0.06451612903225806
0 0.8228759765625 0.460752688172043 0.091064453125 0.17956989247311828
0 0.864990234375 0.47661290322580646 0.06103515625 0.1424731182795699
0 0.8858642578125 0.4793010752688172 0.059814453125 0.12419354838709677
0 0.9007568359375 0.478494623655914 0.057861328125 0.12043010752688173
0 0.947265625 0.5080645161290323 0.03076171875 0.07096774193548387
0 0.831298828125 0.37688172043010754 0.0361328125 0.06989247311827956
0 0.8157958984375 0.368010752688172 0.032958984375 0.06075268817204301
0 0.80126953125 0.357258064516129 0.033203125 0.057526881720430106
0 0.78271484375 0.3443548387096774 0.03857421875 0.06290322580645161
0 0.756591796875 0.3295698924731183 0.037109375 0.07204301075268817
0 0.72802734375 0.30833333333333335 0.0498046875 0.06827956989247312
0 0.6927490234375 0.2967741935483871 0.044189453125 0.07204301075268817
0 0.6536865234375 0.2817204301075269 0.052490234375 0.08494623655913978
0 0.6104736328125 0.26344086021505375 0.043701171875 0.060215053763440864
0 0.5677490234375 0.25725806451612904 0.040771484375 0.08225806451612903
0 0.517578125 0.24919354838709679 0.0419921875 0.05860215053763441
0 0.46875 0.24247311827956988 0.0458984375 0.08279569892473118
0 0.4241943359375 0.25053763440860216 0.046142578125 0.05913978494623656
0 0.3826904296875 0.2599462365591398 0.052001953125 0.07795698924731183
0 0.3465576171875 0.27123655913978495 0.041259765625 0.06397849462365592
0 0.3148193359375 0.28118279569892474 0.045654296875 0.05913978494623656
0 0.2867431640625 0.2922043010752688 0.043212890625 0.05967741935483871
0 0.178955078125 0.3556451612903226 0.0341796875 0.06612903225806452
1 0.5137939453125 0.49516129032258066 0.036865234375 0.026881720430107527
1 0.7862548828125 0.4739247311827957 0.017822265625 0.017741935483870968
1 0.67431640625 0.45026881720430106 0.033203125 0.026344086021505377
1 0.3642578125 0.4228494623655914 0.02734375 0.020967741935483872
1 0.259521484375 0.42553763440860215 0.01904296875 0.016666666666666666
1 0.8575439453125 0.5018817204301075 0.010986328125 0.014516129032258065
1 0.888671875 0.5145161290322581 0.0068359375 0.00967741935483871
1 0.9100341796875 0.5177419354838709 0.004150390625 0.008602150537634409
1 0.76904296875 0.3551075268817204 0.00634765625 0.008064516129032258
1 0.6668701171875 0.3064516129032258 0.008056640625 0.007526881720430108
1 0.7054443359375 0.3204301075268817 0.008544921875 0.007526881720430108
1 0.571533203125 0.2803763440860215 0.01318359375 0.006989247311827957
1 0.299072265625 0.306989247311828 0.0068359375 0.0064516129032258064
1 0.3348388671875 0.2932795698924731 0.009033203125 0.006989247311827957
1 0.36962890625 0.2825268817204301 0.00927734375 0.008064516129032258
3 0.513427734375 0.41451612903225804 0.01025390625 0.017204301075268817
3 0.7894287109375 0.4588709677419355 0.004150390625 0.01129032258064516
3 0.679443359375 0.42983870967741933 0.009765625 0.012365591397849462
3 0.361328125 0.4029569892473118 0.00634765625 0.012365591397849462
3 0.2562255859375 0.40940860215053765 0.003173828125 0.01021505376344086
3 0.8609619140625 0.4922043010752688 0.003173828125 0.00913978494623656
3 0.7696533203125 0.3481182795698925 0.001708984375 0.003763440860215054
3 0.745361328125 0.3301075268817204 0.001953125 0.004301075268817204
3 0.7054443359375 0.31290322580645163 0.002685546875 0.004301075268817204
3 0.66748046875 0.2879032258064516 0.00146484375 0.002688172043010753
3 0.618408203125 0.2825268817204301 0.0029296875 0.005913978494623656
3 0.5723876953125 0.2685483870967742 0.003662109375 0.008064516129032258
3 0.517578125 0.2663978494623656 0.00244140625 0.004838709677419355
3 0.3687744140625 0.2706989247311828 0.003173828125 0.005913978494623656
3 0.4134521484375 0.26801075268817204 0.002197265625 0.004838709677419355
3 0.270751953125 0.31129032258064515 0.001953125 0.004301075268817204
3 0.2984619140625 0.2994623655913978 0.002685546875 0.004301075268817204
3 0.3345947265625 0.2860215053763441 0.002685546875 0.005376344086021506
1 0.18505859375 0.4397849462365591 0.01123046875 0.010752688172043012
