0 0.3817434210526316 0.3519736842105263 0.2075657894736842 0.560672514619883
0 0.8450657894736842 0.34576023391812866 0.21710526315789475 0.3260233918128655
1 0.3480263157894737 0.5767543859649122 0.05394736842105263 0.039473684210526314
3 0.34029605263157897 0.5175438596491229 0.015460526315789473 0.03070175438596491
0 0.40838815789473687 0.054093567251461985 0.058223684210526316 0.07602339181286549
0 0.4669407894736842 0.044956140350877194 0.05361842105263158 0.08698830409356725
3 0.46365131578947366 0.05701754385964912 0.0042763157894736845 0.008771929824561403
0 0.4641447368421053 0.07309941520467836 0.014473684210526316 0.01023391812865497
0 0.5345394736842105 0.05007309941520468 0.05394736842105263 0.08698830409356725
3 0.5391447368421053 0.06067251461988304 0.003947368421052632 0.007309941520467836
1 0.5386513157894737 0.0720029239766082 0.012828947368421053 0.00804093567251462
0 0.6008223684210526 0.06469298245614036 0.051644736842105264 0.08845029239766082
0 0.6634868421052632 0.09247076023391813 0.06644736842105263 0.10014619883040936
0 0.7131578947368421 0.11513157894736842 0.05789473684210526 0.1074561403508772
0 0.7539473684210526 0.14510233918128654 0.04802631578947368 0.08698830409356725
0 0.7800986842105263 0.1524122807017544 0.0430921052631579 0.06652046783625731
0 0.6254934210526316 0.04861111111111111 0.03388157894736842 0.05921052631578947
0 0.5766447368421053 0.03545321637426901 0.03881578947368421 0.0533625730994152
