0 0.732177734375 0.46801075268817205 0.234375 0.4413978494623656
0 0.5430908203125 0.43951612903225806 0.180908203125 0.4489247311827957
0 0.335693359375 0.4793010752688172 0.24755859375 0.4467741935483871
0 0.2174072265625 0.4545698924731183 0.138427734375 0.29301075268817206
1 0.17138671875 0.568010752688172 0.01123046875 0.012365591397849462
1 0.258056640625 0.5884408602150538 0.0439453125 0.03602150537634408
1 0.546875 0.532258064516129 0.04248046875 0.041935483870967745
1 0.816162109375 0.5889784946236559 0.02978515625 0.03924731182795699
3 0.246337890625 0.5626344086021505 0.0078125 0.01881720430107527
3 0.5478515625 0.49838709677419357 0.01416015625 0.01935483870967742
3 0.8218994140625 0.567741935483871 0.033935546875 0.01827956989247312
0 0.84033203125 0.44516129032258067 0.14404296875 0.2989247311827957
0 0.896728515625 0.45940860215053764 0.07861328125 0.22634408602150538
0 0.1524658203125 0.4629032258064516 0.097412109375 0.22795698924731184
0 0.1068115234375 0.49435483870967745 0.078369140625 0.19086021505376344
0 0.15087890625 0.35080645161290325 0.0302734375 0.07365591397849462
0 0.1605224609375 0.3435483870967742 0.023193359375 0.06344086021505377
0 0.177978515625 0.3241935483870968 0.03662109375 0.07849462365591398
0 0.19677734375 0.31048387096774194 0.03857421875 0.08010752688172043
0 0.215087890625 0.2916666666666667 0.0322265625 0.07903225806451612
0 0.2374267578125 0.27419354838709675 0.038330078125 0.08817204301075268
0 0.2677001953125 0.2521505376344086 0.046142578125 0.08924731182795699
0 0.3067626953125 0.22661290322580646 0.049560546875 0.09193548387096774
0 0.35009765625 0.2067204301075269 0.05322265625 0.09301075268817205
0 0.3966064453125 0.1879032258064516 0.045166015625 0.08440860215053764
0 0.44873046875 0.17231182795698924 0.0517578125 0.08870967741935484
0 0.506591796875 0.16559139784946236 0.04931640625 0.08387096774193549
0 0.5670166015625 0.17016129032258065 0.049560546875 0.08548387096774193
0 0.6201171875 0.1814516129032258 0.0634765625 0.09301075268817205
0 0.672607421875 0.20161290322580644 0.06591796875 0.0978494623655914
0 0.712890625 0.2120967741935484 0.05224609375 0.09408602150537634
0 0.74853515625 0.23172043010752688 0.05712890625 0.1032258064516129
0 0.782958984375 0.2540322580645161 0.046875 0.08763440860215053
0 0.8062744140625 0.2728494623655914 0.027099609375 0.06612903225806452
0 0.822998046875 0.28817204301075267 0.0341796875 0.06989247311827956
0 0.8421630859375 0.2989247311827957 0.048583984375 0.09247311827956989
1 0.9290771484375 0.5252688172043011 0.006591796875 0.015053763440860216
3 0.9078369140625 0.5094086021505376 0.003173828125 0.014516129032258065
3 0.1617431640625 0.5163978494623656 0.003662109375 0.014516129032258065
3 0.1094970703125 0.5209677419354839 0.002197265625 0.008602150537634409
1 0.114501953125 0.5346774193548387 0.00634765625 0.012365591397849462
3 0.72900390625 0.22688172043010751 0.0029296875 0.0064516129032258064
3 0.7703857421875 0.2537634408602151 0.002685546875 0.005376344086021506
1 0.800048828125 0.2916666666666667 0.0078125 0.00913978494623656
1 0.76904296875 0.26666666666666666 0.00732421875 0.00967741935483871
1 0.68994140625 0.23172043010752688 0.01220703125 0.011827956989247311
1 0.72705078125 0.2403225806451613 0.0087890625 0.008602150537634409
1 0.573486328125 0.19381720430107527 0.0107421875 0.008064516129032258
1 0.635009765625 0.20698924731182797 0.0078125 0.008602150537634409
3 0.635986328125 0.19112903225806452 0.0029296875 0.004838709677419355
3 0.57373046875 0.18387096774193548 0.00244140625 0.004301075268817204
3 0.5074462890625 0.1782258064516129 0.003173828125 0.006989247311827957
3 0.4420166015625 0.18413978494623656 0.002197265625 0.004838709677419355
1 0.4425048828125 0.19489247311827956 0.012451171875 0.00913978494623656
1 0.5076904296875 0.18736559139784947 0.013916015625 0.008064516129032258
1 0.337158203125 0.22983870967741934 0.01220703125 0.012365591397849462
1 0.2918701171875 0.25483870967741934 0.006103515625 0.011827956989247311
1 0.25244140625 0.27983870967741936 0.00830078125 0.01129032258064516
3 0.2518310546875 0.2717741935483871 0.002197265625 0.005913978494623656
3 0.2913818359375 0.24704301075268817 0.002685546875 0.004838709677419355
3 0.336181640625 0.21935483870967742 0.00341796875 0.0064516129032258064
3 0.2237548828125 0.2986559139784946 0.003173828125 0.003763440860215054
3 0.20361328125 0.31586021505376344 0.001953125 0.003763440860215054
1 0.224609375 0.3061827956989247 0.00439453125 0.006989247311827957
1 0.20458984375 0.3228494623655914 0.0048828125 0.004838709677419355
1 0.1636962890625 0.3556451612903226 0.003662109375 0.005913978494623656
1 0.15234375 0.368010752688172 0.0029296875 0.004838709677419355
