0 0.6444078947368421 0.606359649122807 0.2894736842105263 0.6162280701754386
0 0.09523026315789473 0.5657894736842105 0.11217105263157895 0.1652046783625731
0 0.7840460526315789 0.47989766081871343 0.2509868421052632 0.41154970760233917
0 0.17911184210526315 0.39546783625730997 0.04638157894736842 0.08771929824561403
0 0.20164473684210527 0.3823099415204678 0.04078947368421053 0.0847953216374269
0 0.22467105263157894 0.36257309941520466 0.04868421052631579 0.09064327485380116
0 0.2611842105263158 0.3344298245614035 0.04736842105263158 0.09722222222222222
0 0.29950657894736843 0.31469298245614036 0.05690789473684211 0.09722222222222222
0 0.3460526315789474 0.28654970760233917 0.05855263157894737 0.097953216374269
0 0.39983552631578945 0.2638888888888889 0.05230263157894737 0.09649122807017543
0 0.45921052631578946 0.241593567251462 0.04342105263157895 0.09722222222222222
0 0.5161184210526316 0.23318713450292397 0.038157894736842106 0.08625730994152046
0 0.5820723684210526 0.2273391812865497 0.05625 0.08625730994152046
0 0.6371710526315789 0.23026315789473684 0.060526315789473685 0.0891812865497076
0 0.6805921052631579 0.2361111111111111 0.04802631578947368 0.07748538011695906
0 0.7490131578947369 0.2565789473684211 0.0993421052631579 0.08187134502923976
0 0.8981907894736842 0.47039473684210525 0.09243421052631579 0.24926900584795322
0 0.9189144736842105 0.4480994152046784 0.0694078947368421 0.1652046783625731
0 0.897203947368421 0.3530701754385965 0.03782894736842105 0.05555555555555555
0 0.9476973684210527 0.45723684210526316 0.05789473684210526 0.14546783625730994
0 0.5498355263157895 0.20614035087719298 0.03125 0.059941520467836254
0 0.5929276315789473 0.18421052631578946 0.036513157894736845 0.03070175438596491
0 0.6501644736842105 0.1838450292397661 0.02006578947368421 0.013888888888888888
0 0.5046052631578948 0.2097953216374269 0.026973684210526316 0.06286549707602339
0 0.4720394736842105 0.19444444444444445 0.02368421052631579 0.039473684210526314
0 0.42401315789473687 0.22880116959064328 0.026973684210526316 0.05555555555555555
0 0.38108552631578946 0.23538011695906433 0.03125 0.04532163742690058
0 0.3157894736842105 0.2635233918128655 0.031578947368421054 0.02266081871345029
0 0.3070723684210526 0.26133040935672514 0.02401315789473684 0.029970760233918127
0 0.328125 0.24817251461988304 0.02006578947368421 0.019736842105263157
0 0.3684210526315789 0.22916666666666666 0.019736842105263157 0.025584795321637425
0 0.5261513157894737 0.18421052631578946 0.018092105263157895 0.02631578947368421
1 0.7169407894736842 0.7737573099415205 0.07532894736842105 0.09429824561403509
1 0.5208881578947369 0.25840643274853803 0.011513157894736841 0.010964912280701754
1 0.4575657894736842 0.26535087719298245 0.01381578947368421 0.008771929824561403
1 0.38980263157894735 0.28728070175438597 0.013157894736842105 0.008771929824561403
1 0.3294407894736842 0.3194444444444444 0.010197368421052632 0.008771929824561403
1 0.24457236842105262 0.3673245614035088 0.008881578947368421 0.00804093567251462
1 0.5916118421052632 0.2273391812865497 0.015460526315789473 0.013157894736842105
1 0.6511513157894737 0.2595029239766082 0.010197368421052632 0.008771929824561403
1 0.7123355263157894 0.26206140350877194 0.010197368421052632 0.013888888888888888
3 0.7238486842105263 0.7244152046783626 0.0700657894736842 0.05701754385964912
3 0.7120065789473684 0.24890350877192982 0.006907894736842105 0.012426900584795321
3 0.6524671052631579 0.23903508771929824 0.004934210526315789 0.01023391812865497
3 0.5202302631578948 0.2452485380116959 0.005592105263157895 0.00804093567251462
3 0.3888157894736842 0.27631578947368424 0.0059210526315789476 0.008771929824561403
