0 0.3550986842105263 0.4163011695906433 0.26875 0.64546783625731
0 0.8878289473684211 0.410453216374269 0.1361842105263158 0.25219298245614036
0 0.35657894736842105 0.047149122807017545 0.03618421052631579 0.04312865497076023
0 0.4072368421052632 0.05482456140350877 0.06118421052631579 0.08771929824561403
0 0.46595394736842105 0.051900584795321635 0.058223684210526316 0.08771929824561403
0 0.5373355263157895 0.049707602339181284 0.05230263157894737 0.09064327485380116
0 0.6049342105263158 0.06761695906432749 0.06118421052631579 0.09576023391812866
0 0.6625 0.08808479532163743 0.06513157894736842 0.11476608187134503
0 0.7180921052631579 0.12426900584795321 0.05460526315789474 0.1023391812865497
0 0.7537828947368421 0.1472953216374269 0.07072368421052631 0.12792397660818713
0 0.7934210526315789 0.17982456140350878 0.0375 0.10964912280701754
0 0.8167763157894737 0.21125730994152048 0.024342105263157894 0.0804093567251462
0 0.8389802631578948 0.23940058479532164 0.03453947368421053 0.08260233918128655
0 0.8519736842105263 0.24378654970760233 0.03355263157894737 0.08845029239766082
0 0.8689144736842105 0.266812865497076 0.023355263157894737 0.07748538011695906
0 0.09259868421052632 0.4309210526315789 0.09703947368421052 0.179093567251462
1 0.321875 0.7002923976608187 0.037171052631578945 0.039473684210526314
1 0.3981907894736842 0.08881578947368421 0.012828947368421053 0.009502923976608187
1 0.459375 0.07748538011695906 0.012171052631578947 0.008771929824561403
1 0.5409539473684211 0.07273391812865497 0.01611842105263158 0.010964912280701754
1 0.618421052631579 0.09210526315789473 0.015131578947368421 0.011695906432748537
1 0.6796052631578947 0.11659356725146199 0.009210526315789473 0.016812865497076022
3 0.2949013157894737 0.5818713450292398 0.029276315789473685 0.021929824561403508
3 0.540625 0.057383040935672515 0.004934210526315789 0.00804093567251462
3 0.45904605263157894 0.06469298245614036 0.00625 0.010964912280701754
3 0.39555921052631576 0.0720029239766082 0.00625 0.00804093567251462
