0 0.6348876953125 0.4908602150537634 0.250244140625 0.5849462365591398
0 0.36181640625 0.4908602150537634 0.25537109375 0.5645161290322581
0 0.2161865234375 0.4620967741935484 0.232177734375 0.4543010752688172
1 0.3114013671875 0.6233870967741936 0.065673828125 0.04247311827956989
1 0.680419921875 0.6403225806451613 0.044921875 0.03118279569892473
3 0.2957763671875 0.5811827956989247 0.017333984375 0.03763440860215054
3 0.6912841796875 0.5844086021505376 0.016845703125 0.02903225806451613
0 0.1053466796875 0.5290322580645161 0.043701171875 0.17634408602150536
0 0.08154296875 0.5005376344086021 0.04296875 0.13655913978494624
0 0.782470703125 0.4629032258064516 0.15869140625 0.3978494623655914
0 0.84033203125 0.4696236559139785 0.14013671875 0.3564516129032258
0 0.8997802734375 0.4986559139784946 0.073486328125 0.19731182795698926
0 0.32080078125 0.21881720430107526 0.05224609375 0.07204301075268817
0 0.3616943359375 0.20833333333333334 0.056396484375 0.07688172043010753
0 0.413330078125 0.18736559139784947 0.05810546875 0.08010752688172043
0 0.4637451171875 0.19166666666666668 0.046630859375 0.08225806451612903
0 0.5244140625 0.18629032258064515 0.04833984375 0.08655913978494624
0 0.5823974609375 0.18306451612903227 0.044189453125 0.0478494623655914
0 0.63330078125 0.20188172043010752 0.05517578125 0.06612903225806452
0 0.7315673828125 0.2540322580645161 0.037841796875 0.06075268817204301
1 0.138916015625 0.5806451612903226 0.01953125 0.030107526881720432
1 0.0906982421875 0.556989247311828 0.006591796875 0.015053763440860216
3 0.1256103515625 0.5419354838709678 0.005615234375 0.017204301075268817
3 0.8389892578125 0.5397849462365591 0.006591796875 0.015053763440860216
1 0.831298828125 0.5634408602150538 0.02490234375 0.021505376344086023
1 0.4615478515625 0.21505376344086022 0.009521484375 0.010752688172043012
1 0.52880859375 0.20967741935483872 0.0146484375 0.008602150537634409
1 0.401123046875 0.2206989247311828 0.0126953125 0.005913978494623656
3 0.46142578125 0.20349462365591398 0.0048828125 0.006989247311827957
3 0.528564453125 0.19865591397849464 0.00390625 0.005913978494623656
