0 0.4669407894736842 0.049342105263157895 0.054276315789473686 0.09576023391812866
0 0.7840460526315789 0.4053362573099415 0.24769736842105264 0.4817251461988304
0 0.4064144736842105 0.05921052631578947 0.04967105263157895 0.08771929824561403
0 0.46825657894736844 0.049342105263157895 0.05625 0.09283625730994152
0 0.5429276315789474 0.05263157894736842 0.06611842105263158 0.10526315789473684
0 0.6085526315789473 0.06798245614035088 0.06513157894736842 0.097953216374269
0 0.6654605263157894 0.0939327485380117 0.06315789473684211 0.10453216374269006
0 0.7125 0.11513157894736842 0.056578947368421055 0.10891812865497076
0 0.7559210526315789 0.1516812865497076 0.05197368421052632 0.10014619883040936
0 0.7865131578947369 0.18055555555555555 0.04407894736842105 0.0935672514619883
0 0.8143092105263158 0.20614035087719298 0.03388157894736842 0.09064327485380116
0 0.8384868421052631 0.2364766081871345 0.03223684210526316 0.07529239766081872
0 0.8516447368421053 0.2507309941520468 0.038157894736842106 0.097953216374269
0 0.8705592105263158 0.2719298245614035 0.028618421052631578 0.07894736842105263
0 0.8787828947368421 0.2817982456140351 0.029276315789473685 0.07821637426900585
0 0.890953947368421 0.3059210526315789 0.019407894736842107 0.06359649122807018
0 0.9009868421052631 0.42507309941520466 0.09473684210526316 0.2638888888888889
0 0.9493421052631579 0.4510233918128655 0.04736842105263158 0.1023391812865497
0 0.9669407894736842 0.4685672514619883 0.03914473684210526 0.09941520467836257
0 0.9381578947368421 0.38998538011695905 0.014473684210526316 0.02850877192982456
0 0.9485197368421052 0.4031432748538012 0.008223684210526315 0.029970760233918127
0 0.91875 0.3512426900584795 0.009210526315789473 0.016812865497076022
0 0.8985197368421053 0.31067251461988304 0.009539473684210526 0.024853801169590642
0 0.5827302631578948 0.03216374269005848 0.03585526315789474 0.06432748538011696
0 0.6118421052631579 0.014619883040935672 0.026973684210526316 0.02631578947368421
