0 0.2049342105263158 0.4334795321637427 0.2493421052631579 0.49415204678362573
0 0.34769736842105264 0.13523391812865498 0.1493421052631579 0.1301169590643275
0 0.5809210526315789 0.06103801169590643 0.06447368421052632 0.09429824561403509
0 0.6417763157894737 0.08406432748538012 0.06315789473684211 0.09210526315789473
0 0.6930921052631579 0.10818713450292397 0.05921052631578947 0.09502923976608187
0 0.7363486842105263 0.13267543859649122 0.055592105263157894 0.10891812865497076
0 0.5185855263157895 0.04568713450292398 0.05756578947368421 0.09137426900584796
0 0.44243421052631576 0.05299707602339181 0.0506578947368421 0.08552631578947369
0 0.27483552631578945 0.13779239766081872 0.06348684210526316 0.12792397660818713
0 0.23009868421052632 0.16776315789473684 0.04177631578947368 0.08698830409356725
0 0.07483552631578948 0.47039473684210525 0.07532894736842105 0.17470760233918128
0 0.11134868421052632 0.34539473684210525 0.0430921052631579 0.06798245614035088
0 0.20016447368421053 0.20431286549707603 0.04506578947368421 0.08698830409356725
0 0.1725328947368421 0.23720760233918128 0.026644736842105263 0.08114035087719298
3 0.5195723684210526 0.04751461988304093 0.00625 0.008771929824561403
1 0.5200657894736842 0.05921052631578947 0.017763157894736842 0.008771929824561403
1 0.4375 0.08442982456140351 0.01381578947368421 0.00804093567251462
3 0.43667763157894735 0.06907894736842106 0.0042763157894736845 0.006578947368421052
0 0.034375 0.49488304093567254 0.04703947368421053 0.13304093567251463
0 0.6108552631578947 0.038011695906432746 0.04013157894736842 0.049707602339181284
0 0.38717105263157897 0.051535087719298246 0.06118421052631579 0.07529239766081872
0 0.15855263157894736 0.2580409356725146 0.02236842105263158 0.07602339181286549
0 0.140625 0.2817982456140351 0.030592105263157896 0.07529239766081872
0 0.12598684210526315 0.29312865497076024 0.021052631578947368 0.038011695906432746
