0 0.4964599609375 0.4900537634408602 0.171142578125 0.4801075268817204
0 0.6966552734375 0.4879032258064516 0.235107421875 0.4306451612903226
0 0.2886962890625 0.5155913978494624 0.256103515625 0.47419354838709676
0 0.1824951171875 0.4798387096774194 0.122802734375 0.27580645161290324
0 0.7935791015625 0.43951612903225806 0.189208984375 0.3510752688172043
0 0.12841796875 0.48118279569892475 0.10400390625 0.23655913978494625
0 0.8936767578125 0.46478494623655914 0.061279296875 0.17043010752688173
1 0.781494140625 0.5943548387096774 0.03515625 0.04032258064516129
1 0.496826171875 0.6 0.04150390625 0.05268817204301075
1 0.19189453125 0.6282258064516129 0.01806640625 0.024193548387096774
1 0.142822265625 0.5900537634408602 0.013671875 0.026344086021505377
3 0.7921142578125 0.5631720430107527 0.006103515625 0.015591397849462365
3 0.1817626953125 0.5887096774193549 0.006103515625 0.01827956989247312
0 0.3770751953125 0.20161290322580644 0.057373046875 0.08924731182795699
0 0.4307861328125 0.18333333333333332 0.049072265625 0.09462365591397849
0 0.487548828125 0.17634408602150536 0.044921875 0.08602150537634409
0 0.5418701171875 0.17661290322580644 0.051025390625 0.09193548387096774
0 0.5970458984375 0.19166666666666668 0.063720703125 0.09086021505376345
0 0.6444091796875 0.20080645161290323 0.053466796875 0.08763440860215053
0 0.685302734375 0.2174731182795699 0.0498046875 0.08870967741935484
0 0.7237548828125 0.23225806451612904 0.048583984375 0.07849462365591398
0 0.755859375 0.246505376344086 0.04150390625 0.06182795698924731
0 0.8018798828125 0.28225806451612906 0.049072265625 0.08172043010752689
0 0.846923828125 0.33306451612903226 0.02490234375 0.06290322580645161
0 0.8291015625 0.31451612903225806 0.03369140625 0.07096774193548387
1 0.3641357421875 0.2271505376344086 0.009033203125 0.008064516129032258
1 0.4246826171875 0.20698924731182797 0.014404296875 0.010752688172043012
3 0.42431640625 0.1913978494623656 0.005859375 0.010752688172043012
3 0.3631591796875 0.2153225806451613 0.003662109375 0.00913978494623656
3 0.4873046875 0.18736559139784947 0.0029296875 0.006989247311827957
3 0.547607421875 0.1868279569892473 0.0029296875 0.008064516129032258
3 0.6119384765625 0.20725806451612902 0.005126953125 0.01129032258064516
1 0.4871826171875 0.19865591397849464 0.011962890625 0.006989247311827957
1 0.5477294921875 0.20241935483870968 0.013916015625 0.006989247311827957
1 0.6114501953125 0.21801075268817205 0.011962890625 0.01021505376344086
1 0.6597900390625 0.22419354838709676 0.010986328125 0.00967741935483871
1 0.700439453125 0.24516129032258063 0.00537109375 0.00967741935483871
3 0.65966796875 0.21478494623655914 0.0029296875 0.005913978494623656
3 0.70068359375 0.235752688172043 0.00244140625 0.005913978494623656
3 0.7427978515625 0.256989247311828 0.002197265625 0.005376344086021506
1 0.86962890625 0.5352150537634408 0.01025390625 0.024193548387096774
3 0.8765869140625 0.5077956989247312 0.003173828125 0.013440860215053764
