0 0.7542724609375 0.48575268817204303 0.247314453125 0.42311827956989245
0 0.138671875 0.4747311827956989 0.138671875 0.2064516129032258
1 0.8497314453125 0.5922043010752688 0.023193359375 0.02849462365591398
3 0.85888671875 0.5706989247311828 0.005859375 0.014516129032258065
0 0.068115234375 0.5016129032258064 0.04931640625 0.12688172043010754
0 0.0806884765625 0.49838709677419357 0.040771484375 0.13440860215053763
0 0.24560546875 0.2706989247311828 0.04541015625 0.08763440860215053
0 0.2783203125 0.25161290322580643 0.05029296875 0.08924731182795699
0 0.317626953125 0.2303763440860215 0.0576171875 0.09516129032258064
0 0.361572265625 0.21424731182795698 0.05712890625 0.08870967741935484
0 0.41357421875 0.19650537634408602 0.05810546875 0.09623655913978495
0 0.463623046875 0.19112903225806452 0.0458984375 0.08440860215053764
0 0.5252685546875 0.1881720430107527 0.051025390625 0.0913978494623656
0 0.5823974609375 0.19946236559139785 0.047607421875 0.08172043010752689
0 0.6328125 0.21236559139784947 0.056640625 0.08924731182795699
0 0.639892578125 0.1620967741935484 0.08154296875 0.08010752688172043
0 0.6810302734375 0.23225806451612904 0.052490234375 0.08709677419354839
0 0.7305908203125 0.25591397849462366 0.039794921875 0.07419354838709677
0 0.7584228515625 0.2752688172043011 0.046142578125 0.08172043010752689
0 0.7861328125 0.29838709677419356 0.04345703125 0.08172043010752689
0 0.80908203125 0.31666666666666665 0.02734375 0.06989247311827956
0 0.8243408203125 0.32741935483870965 0.044189453125 0.09032258064516129
0 0.845947265625 0.35 0.02197265625 0.06129032258064516
0 0.8526611328125 0.3577956989247312 0.023681640625 0.06397849462365592
0 0.8629150390625 0.3655913978494624 0.030029296875 0.06666666666666667
0 0.879150390625 0.38629032258064516 0.02392578125 0.05967741935483871
0 0.8829345703125 0.3879032258064516 0.030517578125 0.06827956989247312
0 0.8916015625 0.39381720430107525 0.0302734375 0.06935483870967742
0 0.9058837890625 0.4120967741935484 0.010986328125 0.03387096774193549
0 0.934814453125 0.4645161290322581 0.025390625 0.05161290322580645
1 0.0687255859375 0.5564516129032258 0.004150390625 0.008602150537634409
1 0.0775146484375 0.5408602150537635 0.004150390625 0.008602150537634409
1 0.230712890625 0.3010752688172043 0.0068359375 0.008602150537634409
1 0.2625732421875 0.27983870967741936 0.008056640625 0.008064516129032258
1 0.299560546875 0.26021505376344084 0.009765625 0.00967741935483871
1 0.3482666015625 0.23978494623655913 0.011962890625 0.011827956989247311
1 0.4013671875 0.22204301075268817 0.013671875 0.010752688172043012
1 0.4615478515625 0.21505376344086022 0.010009765625 0.011827956989247311
1 0.5286865234375 0.21021505376344085 0.014892578125 0.00967741935483871
1 0.5908203125 0.21935483870967742 0.01123046875 0.00967741935483871
1 0.6451416015625 0.23655913978494625 0.010498046875 0.00967741935483871
1 0.802490234375 0.3271505376344086 0.00439453125 0.006989247311827957
1 0.8177490234375 0.34301075268817205 0.005126953125 0.0064516129032258064
1 0.8433837890625 0.35833333333333334 0.004150390625 0.006989247311827957
1 0.8538818359375 0.37526881720430105 0.003173828125 0.005376344086021506
1 0.8623046875 0.3811827956989247 0.00244140625 0.004301075268817204
1 0.9044189453125 0.4239247311827957 0.002197265625 0.004838709677419355
3 0.229736328125 0.2908602150537634 0.00146484375 0.004301075268817204
3 0.2613525390625 0.27204301075268816 0.002685546875 0.005376344086021506
3 0.299072265625 0.2510752688172043 0.00244140625 0.004301075268817204
3 0.3475341796875 0.22338709677419355 0.003173828125 0.003763440860215054
3 0.46142578125 0.20403225806451614 0.0048828125 0.006989247311827957
3 0.5289306640625 0.19946236559139785 0.003173828125 0.005376344086021506
3 0.646240234375 0.225 0.00341796875 0.005913978494623656
3 0.8028564453125 0.3209677419354839 0.001708984375 0.0032258064516129032
1 0.8963623046875 0.4161290322580645 0.002197265625 0.004301075268817204
0 0.4910888671875 0.1295698924731183 0.011474609375 0.013978494623655914
0 0.482421875 0.13091397849462366 0.01171875 0.012365591397849462
0 0.4736328125 0.13225806451612904 0.0107421875 0.012903225806451613
0 0.4647216796875 0.13252688172043012 0.008056640625 0.00913978494623656
