0 0.3279605263157895 0.43603801169590645 0.2888157894736842 0.6849415204678363
0 0.7511513157894737 0.358187134502924 0.2194078947368421 0.45614035087719296
0 0.521875 0.0533625730994152 0.05756578947368421 0.09064327485380116
0 0.5802631578947368 0.05299707602339181 0.06184210526315789 0.10014619883040936
0 0.6481907894736842 0.07017543859649122 0.07401315789473684 0.1301169590643275
0 0.7001644736842105 0.09502923976608187 0.0430921052631579 0.09064327485380116
0 0.44342105263157894 0.04788011695906433 0.06184210526315789 0.09576023391812866
0 0.38338815789473685 0.05665204678362573 0.06282894736842105 0.07821637426900585
0 0.3243421052631579 0.06761695906432749 0.057236842105263155 0.13523391812865498
0 0.2723684210526316 0.13523391812865498 0.0506578947368421 0.1023391812865497
0 0.17532894736842106 0.2273391812865497 0.035526315789473684 0.10087719298245613
0 0.20575657894736843 0.18530701754385964 0.036513157894736845 0.09576023391812866
1 0.29046052631578945 0.7408625730994152 0.07171052631578947 0.051900584795321635
3 0.25394736842105264 0.625 0.035526315789473684 0.03216374269005848
0 0.7898026315789474 0.2236842105263158 0.08223684210526316 0.13596491228070176
0 0.7365131578947368 0.12828947368421054 0.04802631578947368 0.07236842105263158
0 0.3269736842105263 0.07456140350877193 0.04802631578947368 0.05263157894736842
0 0.1555921052631579 0.260233918128655 0.02368421052631579 0.0804093567251462
0 0.14424342105263158 0.2715643274853801 0.044407894736842105 0.11476608187134503
0 0.06957236842105263 0.4678362573099415 0.07993421052631579 0.15497076023391812
0 0.04078947368421053 0.49488304093567254 0.07960526315789473 0.16812865497076024
0 0.08388157894736842 0.38377192982456143 0.026973684210526316 0.049707602339181284
0 0.1125 0.31505847953216376 0.01118421052631579 0.03654970760233918
0 0.11677631578947369 0.3044590643274854 0.010526315789473684 0.035818713450292396
0 0.10625 0.3223684210526316 0.010526315789473684 0.03070175438596491
