0 0.7822265625 0.44327956989247314 0.1220703125 0.1682795698924731
0 0.2369384765625 0.40618279569892474 0.133056640625 0.17580645161290323
0 0.173095703125 0.42231182795698924 0.07421875 0.1575268817204301
0 0.12841796875 0.4268817204301075 0.05224609375 0.11720430107526882
0 0.0469970703125 0.47043010752688175 0.027587890625 0.046236559139784944
0 0.8448486328125 0.46182795698924733 0.072998046875 0.15268817204301074
0 0.8858642578125 0.4817204301075269 0.036865234375 0.1010752688172043
0 0.7127685546875 0.3161290322580645 0.045654296875 0.08279569892473118
0 0.6827392578125 0.3 0.042236328125 0.08064516129032258
0 0.6483154296875 0.2860215053763441 0.050048828125 0.08817204301075268
0 0.6063232421875 0.2771505376344086 0.049560546875 0.07688172043010753
0 0.5615234375 0.2610215053763441 0.0439453125 0.08548387096774193
0 0.49267578125 0.275 0.10595703125 0.09838709677419355
0 0.42236328125 0.2543010752688172 0.046875 0.07419354838709677
0 0.378662109375 0.2615591397849462 0.0478515625 0.07365591397849462
0 0.3397216796875 0.2693548387096774 0.047119140625 0.07526881720430108
0 0.3077392578125 0.2771505376344086 0.046630859375 0.07473118279569893
0 0.2779541015625 0.2911290322580645 0.038330078125 0.06720430107526881
0 0.2548828125 0.28897849462365593 0.0458984375 0.07150537634408602
0 0.22802734375 0.3061827956989247 0.04296875 0.07580645161290323
0 0.190673828125 0.32903225806451614 0.03662109375 0.06129032258064516
0 0.201904296875 0.32768817204301076 0.02685546875 0.0478494623655914
1 0.1810302734375 0.44516129032258067 0.011962890625 0.016129032258064516
1 0.1451416015625 0.46236559139784944 0.005615234375 0.010752688172043012
1 0.1055908203125 0.45564516129032256 0.004150390625 0.006989247311827957
3 0.177978515625 0.431989247311828 0.00341796875 0.008064516129032258
1 0.8299560546875 0.5069892473118279 0.009521484375 0.00967741935483871
1 0.888916015625 0.503494623655914 0.00341796875 0.008064516129032258
1 0.660400390625 0.3139784946236559 0.0078125 0.007526881720430108
1 0.6951904296875 0.3225806451612903 0.008056640625 0.008602150537634409
1 0.728759765625 0.34301075268817205 0.005859375 0.008602150537634409
1 0.566650390625 0.28279569892473116 0.01123046875 0.007526881720430108
1 0.616943359375 0.3 0.01025390625 0.007526881720430108
1 0.412841796875 0.2747311827956989 0.0107421875 0.007526881720430108
1 0.366943359375 0.27903225806451615 0.005859375 0.0064516129032258064
1 0.3250732421875 0.2922043010752688 0.006103515625 0.01021505376344086
1 0.29345703125 0.2978494623655914 0.005859375 0.0064516129032258064
1 0.2655029296875 0.31370967741935485 0.003662109375 0.006989247311827957
1 0.237060546875 0.31747311827956987 0.00439453125 0.005913978494623656
3 0.2647705078125 0.30295698924731185 0.002685546875 0.004838709677419355
3 0.2933349609375 0.28951612903225804 0.001708984375 0.004838709677419355
3 0.324462890625 0.28440860215053765 0.001953125 0.004301075268817204
3 0.366455078125 0.27123655913978495 0.0029296875 0.005913978494623656
3 0.412841796875 0.2610215053763441 0.0029296875 0.005913978494623656
3 0.5672607421875 0.2674731182795699 0.001708984375 0.003763440860215054
3 0.617919921875 0.29059139784946236 0.00390625 0.01021505376344086
3 0.6619873046875 0.2948924731182796 0.001708984375 0.004838709677419355
3 0.69580078125 0.3118279569892473 0.001953125 0.005376344086021506
3 0.729248046875 0.3362903225806452 0.001953125 0.004838709677419355
