0 0.21513157894736842 0.34100877192982454 0.20855263157894738 0.43932748538011696
0 0.11233552631578947 0.39473684210526316 0.08388157894736842 0.2777777777777778
0 0.2495065789473684 0.09868421052631579 0.07664473684210527 0.12573099415204678
0 0.3213815789473684 0.03728070175438596 0.06184210526315789 0.07309941520467836
0 0.6606907894736842 0.03764619883040936 0.05296052631578947 0.07529239766081872
0 0.709703947368421 0.05665204678362573 0.054276315789473686 0.1118421052631579
0 0.7501644736842106 0.09576023391812866 0.04967105263157895 0.12426900584795321
0 0.7873355263157895 0.1337719298245614 0.03585526315789474 0.09649122807017543
0 0.8098684210526316 0.16337719298245615 0.04013157894736842 0.11915204678362573
0 0.8335526315789473 0.20906432748538012 0.02368421052631579 0.0847953216374269
0 0.8470394736842105 0.22587719298245615 0.020394736842105264 0.07602339181286549
1 0.13404605263157895 0.5010964912280702 0.018092105263157895 0.016812865497076022
1 0.22960526315789473 0.14510233918128654 0.01118421052631579 0.016812865497076022
1 0.671875 0.051535087719298246 0.008881578947368421 0.010964912280701754
1 0.7231907894736842 0.08589181286549707 0.009539473684210526 0.013888888888888888
1 0.765625 0.14144736842105263 0.010197368421052632 0.015350877192982455
0 0.13223684210526315 0.2635233918128655 0.045394736842105265 0.07821637426900585
0 0.11529605263157895 0.28362573099415206 0.03388157894736842 0.0935672514619883
0 0.09884868421052631 0.31469298245614036 0.01611842105263158 0.062134502923976605
0 0.1580592105263158 0.19298245614035087 0.026644736842105263 0.05555555555555555
0 0.03256578947368421 0.5259502923976608 0.04144736842105263 0.1206140350877193
