0 0.20608552631578947 0.36915204678362573 0.2194078947368421 0.4824561403508772
0 0.19029605263157895 0.36366959064327486 0.2542763157894737 0.48464912280701755
0 0.23766447368421054 0.09100877192982457 0.04967105263157895 0.09868421052631579
0 0.27401315789473685 0.05921052631578947 0.05394736842105263 0.1023391812865497
0 0.3215460526315789 0.038011695906432746 0.06282894736842105 0.07602339181286549
0 0.38125 0.019736842105263157 0.05394736842105263 0.039473684210526314
0 0.609046052631579 0.020833333333333332 0.059539473684210524 0.041666666666666664
0 0.6659539473684211 0.038011695906432746 0.05625 0.07602339181286549
0 0.715625 0.06140350877192982 0.058223684210526316 0.12280701754385964
0 0.7542763157894737 0.10087719298245613 0.04078947368421053 0.11842105263157894
0 0.765296052631579 0.14035087719298245 0.007565789473684211 0.014619883040935672
0 0.7911184210526315 0.1425438596491228 0.04736842105263158 0.12719298245614036
0 0.8152960526315789 0.17507309941520469 0.02138157894736842 0.09576023391812866
0 0.8322368421052632 0.20906432748538012 0.02631578947368421 0.0935672514619883
0 0.8447368421052631 0.21673976608187134 0.03355263157894737 0.10599415204678363
0 0.8710526315789474 0.30665204678362573 0.04276315789473684 0.09868421052631579
0 0.06118421052631579 0.48099415204678364 0.05789473684210526 0.2149122807017544
0 0.13157894736842105 0.2507309941520468 0.05197368421052632 0.1067251461988304
0 0.16776315789473684 0.17470760233918128 0.025657894736842105 0.05555555555555555
0 0.15328947368421053 0.18896198830409358 0.009210526315789473 0.035818713450292396
0 0.06348684210526316 0.39400584795321636 0.019736842105263157 0.05263157894736842
1 0.3717105263157895 0.01644736842105263 0.01118421052631579 0.012426900584795321
1 0.6129934210526315 0.017543859649122806 0.012171052631578947 0.014619883040935672
1 0.2588815789473684 0.09978070175438597 0.009868421052631578 0.012426900584795321
1 0.3034539473684211 0.061769005847953216 0.009539473684210526 0.013888888888888888
1 0.6759868421052632 0.05007309941520468 0.01381578947368421 0.021198830409356724
1 0.7284539473684211 0.10453216374269006 0.008881578947368421 0.019005847953216373
1 0.7648026315789473 0.13961988304093567 0.007236842105263158 0.013157894736842105
3 0.25608552631578946 0.08698830409356725 0.002302631578947368 0.005847953216374269
3 0.30213815789473686 0.05043859649122807 0.003618421052631579 0.007309941520467836
3 0.3712171052631579 0.005847953216374269 0.0042763157894736845 0.008771929824561403
3 0.6792763157894737 0.03618421052631579 0.003947368421052632 0.012426900584795321
3 0.7325657894736842 0.09247076023391813 0.0059210526315789476 0.00804093567251462
