0 0.6766447368421052 0.41885964912280704 0.23684210526315788 0.5160818713450293
0 0.3592105263157895 0.4276315789473684 0.30328947368421055 0.7222222222222222
0 0.14194078947368421 0.41885964912280704 0.1299342105263158 0.22807017543859648
0 0.9144736842105263 0.4060672514619883 0.075 0.1615497076023392
0 0.500328947368421 0.07858187134502924 0.07171052631578947 0.08845029239766082
0 0.5649671052631579 0.08114035087719298 0.05296052631578947 0.0935672514619883
0 0.6289473684210526 0.10453216374269006 0.06381578947368421 0.09064327485380116
0 0.27845394736842105 0.15350877192982457 0.05625 0.10087719298245613
0 0.24210526315789474 0.1827485380116959 0.03223684210526316 0.09064327485380116
1 0.7075657894736842 0.6403508771929824 0.05921052631578947 0.03216374269005848
1 0.29967105263157895 0.6144005847953217 0.08421052631578947 0.06359649122807018
3 0.7368421052631579 0.5285087719298246 0.014473684210526316 0.029239766081871343
3 0.28519736842105264 0.5632309941520468 0.08881578947368421 0.035818713450292396
0 0.6817434210526315 0.1297514619883041 0.06348684210526316 0.10599415204678363
0 0.22088815789473684 0.21235380116959066 0.036513157894736845 0.08698830409356725
0 0.19703947368421051 0.23866959064327486 0.034868421052631576 0.08406432748538012
0 0.17549342105263158 0.26535087719298245 0.02993421052631579 0.07894736842105263
0 0.16167763157894738 0.2774122807017544 0.024671052631578948 0.062134502923976605
0 0.15164473684210528 0.29312865497076024 0.02368421052631579 0.06871345029239766
0 0.10707236842105264 0.3614766081871345 0.03388157894736842 0.05921052631578947
0 0.08305921052631579 0.4455409356725146 0.07072368421052631 0.17178362573099415
0 0.05476973684210526 0.46016081871345027 0.04375 0.11330409356725146
0 0.3203947368421053 0.12755847953216373 0.05394736842105263 0.07821637426900585
0 0.459375 0.057383040935672515 0.027960526315789474 0.04312865497076023
0 0.4052631578947368 0.056286549707602336 0.026973684210526316 0.029239766081871343
0 0.3695723684210526 0.08771929824561403 0.04638157894736842 0.04239766081871345
