0 0.5218505859375 0.5040322580645161 0.214111328125 0.5532258064516129
0 0.67626953125 0.42123655913978497 0.193359375 0.3521505376344086
0 0.2896728515625 0.46639784946236557 0.243408203125 0.46182795698924733
0 0.1641845703125 0.4836021505376344 0.114990234375 0.30268817204301074
0 0.120849609375 0.4967741935483871 0.0810546875 0.22365591397849463
0 0.2198486328125 0.278494623655914 0.045166015625 0.06881720430107527
0 0.2672119140625 0.23817204301075268 0.051513671875 0.07526881720430108
0 0.2901611328125 0.19704301075268818 0.024658203125 0.02956989247311828
0 0.3304443359375 0.2086021505376344 0.056396484375 0.07741935483870968
0 0.3780517578125 0.19623655913978494 0.055419921875 0.08387096774193549
0 0.4288330078125 0.18440860215053764 0.048583984375 0.09032258064516129
0 0.4876708984375 0.1771505376344086 0.040283203125 0.07688172043010753
0 0.541259765625 0.17768817204301074 0.04736328125 0.08118279569892473
0 0.594970703125 0.18763440860215053 0.0556640625 0.08709677419354839
0 0.6448974609375 0.20241935483870968 0.056396484375 0.08870967741935484
0 0.6849365234375 0.21774193548387097 0.048095703125 0.08387096774193549
0 0.7183837890625 0.23360215053763442 0.044677734375 0.08548387096774193
0 0.7532958984375 0.25483870967741934 0.040771484375 0.08064516129032258
0 0.7862548828125 0.28225806451612906 0.028564453125 0.07526881720430108
0 0.801025390625 0.2916666666666667 0.0439453125 0.08978494623655914
0 0.8165283203125 0.2994623655913978 0.046630859375 0.0989247311827957
0 0.842529296875 0.325 0.02392578125 0.07258064516129033
1 0.7213134765625 0.5731182795698925 0.037353515625 0.03333333333333333
1 0.52587890625 0.6446236559139785 0.07666015625 0.05053763440860215
1 0.2103271484375 0.5852150537634409 0.034912109375 0.037096774193548385
3 0.738037109375 0.4825268817204301 0.00927734375 0.01881720430107527
3 0.5244140625 0.6016129032258064 0.02001953125 0.02903225806451613
3 0.2015380859375 0.5548387096774193 0.006591796875 0.01935483870967742
1 0.1229248046875 0.5723118279569892 0.013427734375 0.017741935483870968
1 0.247802734375 0.2663978494623656 0.005859375 0.006989247311827957
1 0.203369140625 0.3024193548387097 0.00537109375 0.006989247311827957
1 0.3134765625 0.2403225806451613 0.009765625 0.007526881720430108
1 0.366943359375 0.221505376344086 0.01220703125 0.010752688172043012
1 0.421630859375 0.2053763440860215 0.013671875 0.00967741935483871
1 0.4892578125 0.19731182795698926 0.01171875 0.008602150537634409
1 0.546875 0.20430107526881722 0.01123046875 0.0064516129032258064
1 0.6075439453125 0.21263440860215055 0.008056640625 0.01021505376344086
1 0.6617431640625 0.2271505376344086 0.009521484375 0.00913978494623656
1 0.698486328125 0.24327956989247312 0.01025390625 0.01021505376344086
1 0.7330322265625 0.2610215053763441 0.005615234375 0.01021505376344086
1 0.763916015625 0.27903225806451615 0.00732421875 0.00967741935483871
1 0.7967529296875 0.30672043010752686 0.004150390625 0.005913978494623656
3 0.7978515625 0.3 0.00146484375 0.004301075268817204
3 0.8201904296875 0.31666666666666665 0.001708984375 0.002150537634408602
1 0.8193359375 0.3231182795698925 0.00439453125 0.007526881720430108
3 0.7677001953125 0.25725806451612904 0.002685546875 0.005913978494623656
3 0.7333984375 0.2537634408602151 0.00244140625 0.004301075268817204
3 0.54736328125 0.1935483870967742 0.00244140625 0.0064516129032258064
3 0.6082763671875 0.20026881720430106 0.003173828125 0.005913978494623656
3 0.421142578125 0.19435483870967743 0.00390625 0.006989247311827957
3 0.36572265625 0.2118279569892473 0.00341796875 0.007526881720430108
3 0.3128662109375 0.23387096774193547 0.003173828125 0.0064516129032258064
3 0.2476806640625 0.26021505376344084 0.002197265625 0.005376344086021506
3 0.20166015625 0.2879032258064516 0.00244140625 0.005913978494623656
