0 0.6646381578947368 0.4243421052631579 0.2825657894736842 0.6776315789473685
0 0.3449013157894737 0.38048245614035087 0.26875 0.6001461988304093
0 0.20608552631578947 0.3651315789473684 0.18980263157894736 0.5489766081871345
1 0.29638157894736844 0.5321637426900585 0.07105263157894737 0.04824561403508772
1 0.7319078947368421 0.5621345029239766 0.035526315789473684 0.05116959064327485
3 0.2769736842105263 0.4762426900584795 0.011842105263157895 0.027046783625730993
3 0.75 0.5347222222222222 0.017763157894736842 0.031432748538011694
0 0.109375 0.42543859649122806 0.10625 0.2309941520467836
0 0.05970394736842105 0.4594298245614035 0.05625 0.15862573099415206
0 0.02368421052631579 0.49122807017543857 0.034210526315789476 0.0891812865497076
0 0.10674342105263158 0.3391812865497076 0.05296052631578947 0.08625730994152046
0 0.1557565789473684 0.25182748538011696 0.027960526315789474 0.046052631578947366
0 0.19292763157894738 0.21235380116959066 0.03519736842105263 0.08845029239766082
0 0.21661184210526316 0.18128654970760233 0.03914473684210526 0.08187134502923976
0 0.28601973684210524 0.11695906432748537 0.06348684210526316 0.07748538011695906
0 0.3381578947368421 0.09137426900584796 0.06184210526315789 0.0891812865497076
0 0.3986842105263158 0.05263157894736842 0.06513157894736842 0.08187134502923976
0 0.45789473684210524 0.051900584795321635 0.049342105263157895 0.08771929824561403
0 0.5254934210526315 0.04788011695906433 0.05493421052631579 0.09576023391812866
0 0.5863486842105263 0.05701754385964912 0.058881578947368424 0.07456140350877193
0 0.6435855263157895 0.07967836257309942 0.058881578947368424 0.08333333333333333
0 0.6944078947368421 0.11366959064327485 0.0625 0.10307017543859649
0 0.7358552631578947 0.1429093567251462 0.0506578947368421 0.09722222222222222
0 0.7654605263157894 0.1648391812865497 0.04342105263157895 0.09722222222222222
0 0.7925986842105263 0.1838450292397661 0.03519736842105263 0.07529239766081872
0 0.8180921052631579 0.23940058479532164 0.05986842105263158 0.062134502923976605
0 0.8026315789473685 0.38742690058479534 0.14473684210526316 0.391812865497076
0 0.8462171052631579 0.3958333333333333 0.12861842105263158 0.3472222222222222
0 0.8804276315789473 0.3969298245614035 0.09309210526315789 0.26900584795321636
0 0.9197368421052632 0.42580409356725146 0.05197368421052632 0.1600877192982456
