0 0.2293701171875 0.4637096774193548 0.129150390625 0.32741935483870965
0 0.3687744140625 0.45725806451612905 0.233642578125 0.5026881720430108
0 0.61962890625 0.46102150537634407 0.22412109375 0.5005376344086021
0 0.773193359375 0.47338709677419355 0.15771484375 0.3629032258064516
1 0.82373046875 0.571505376344086 0.02490234375 0.025806451612903226
1 0.641357421875 0.5879032258064516 0.0693359375 0.03494623655913978
1 0.3271484375 0.5798387096774194 0.04296875 0.057526881720430106
1 0.2012939453125 0.5943548387096774 0.023193359375 0.02956989247311828
3 0.83251953125 0.5403225806451613 0.00634765625 0.017204301075268817
3 0.3160400390625 0.5344086021505376 0.016845703125 0.026881720430107527
3 0.1844482421875 0.5209677419354839 0.005615234375 0.015053763440860216
0 0.06884765625 0.4991935483870968 0.0498046875 0.11666666666666667
0 0.078369140625 0.5024193548387097 0.03564453125 0.128494623655914
0 0.1142578125 0.48413978494623655 0.0859375 0.18655913978494623
0 0.1468505859375 0.3658602150537634 0.052490234375 0.07473118279569893
0 0.247314453125 0.2685483870967742 0.0458984375 0.09086021505376345
0 0.241943359375 0.246505376344086 0.02978515625 0.0456989247311828
0 0.277587890625 0.24838709677419354 0.0498046875 0.09462365591397849
0 0.3172607421875 0.22876344086021505 0.057861328125 0.09301075268817205
0 0.3616943359375 0.20510752688172043 0.059814453125 0.08548387096774193
0 0.413330078125 0.18413978494623656 0.05810546875 0.07150537634408602
0 0.4637451171875 0.19005376344086022 0.045654296875 0.08118279569892473
0 0.5255126953125 0.18521505376344086 0.050537109375 0.08870967741935484
0 0.582763671875 0.18844086021505377 0.04638671875 0.05967741935483871
0 0.632568359375 0.20967741935483872 0.056640625 0.08602150537634409
0 0.6824951171875 0.23198924731182796 0.056884765625 0.09193548387096774
0 0.893310546875 0.4924731182795699 0.09130859375 0.2075268817204301
0 0.9122314453125 0.4806451612903226 0.088623046875 0.16129032258064516
0 0.8365478515625 0.49166666666666664 0.141845703125 0.34139784946236557
0 0.7305908203125 0.2586021505376344 0.040771484375 0.08602150537634409
0 0.7589111328125 0.27661290322580645 0.046142578125 0.08763440860215053
0 0.7867431640625 0.2989247311827957 0.041259765625 0.08387096774193549
0 0.808837890625 0.3161290322580645 0.0283203125 0.07204301075268817
0 0.8245849609375 0.3258064516129032 0.045166015625 0.09032258064516129
0 0.845458984375 0.35053763440860214 0.021484375 0.06129032258064516
0 0.8504638671875 0.35295698924731184 0.029052734375 0.07043010752688172
0 0.8662109375 0.3696236559139785 0.0244140625 0.06075268817204301
0 0.8763427734375 0.3758064516129032 0.029052734375 0.06559139784946237
0 0.889404296875 0.3922043010752688 0.0146484375 0.043548387096774194
0 0.9189453125 0.42016129032258065 0.02734375 0.0532258064516129
0 0.90185546875 0.4043010752688172 0.025390625 0.053763440860215055
0 0.1429443359375 0.5024193548387097 0.120849609375 0.27043010752688174
1 0.0911865234375 0.5801075268817204 0.009521484375 0.015053763440860216
1 0.0758056640625 0.5333333333333333 0.005126953125 0.010752688172043012
1 0.0682373046875 0.5564516129032258 0.004638671875 0.008602150537634409
1 0.2308349609375 0.30134408602150536 0.006591796875 0.008064516129032258
1 0.2626953125 0.2793010752688172 0.00830078125 0.008064516129032258
1 0.299560546875 0.2599462365591398 0.01025390625 0.01129032258064516
1 0.461669921875 0.21344086021505376 0.00927734375 0.00967741935483871
1 0.528564453125 0.20887096774193548 0.01513671875 0.00913978494623656
1 0.6451416015625 0.23387096774193547 0.011962890625 0.010752688172043012
1 0.7418212890625 0.28360215053763443 0.008056640625 0.00913978494623656
1 0.775146484375 0.3077956989247312 0.00634765625 0.008064516129032258
1 0.802490234375 0.3255376344086022 0.00439453125 0.005913978494623656
1 0.8179931640625 0.34139784946236557 0.005615234375 0.007526881720430108
1 0.843505859375 0.3564516129032258 0.00439453125 0.007526881720430108
1 0.8543701171875 0.3736559139784946 0.002685546875 0.005376344086021506
1 0.8624267578125 0.38010752688172045 0.002685546875 0.004301075268817204
1 0.8763427734375 0.392741935483871 0.002685546875 0.004838709677419355
3 0.08544921875 0.5591397849462365 0.001953125 0.008602150537634409
3 0.0634765625 0.5290322580645161 0.0029296875 0.0064516129032258064
3 0.2294921875 0.29059139784946236 0.00146484375 0.005913978494623656
3 0.261474609375 0.2717741935483871 0.00244140625 0.004838709677419355
3 0.298828125 0.25053763440860216 0.00244140625 0.004301075268817204
3 0.46142578125 0.20295698924731181 0.00439453125 0.006989247311827957
3 0.528564453125 0.19838709677419356 0.00341796875 0.005376344086021506
3 0.646240234375 0.22311827956989247 0.00341796875 0.0064516129032258064
3 0.743408203125 0.275 0.00244140625 0.003763440860215054
3 0.77685546875 0.3008064516129032 0.001953125 0.004838709677419355
3 0.8031005859375 0.3193548387096774 0.001708984375 0.004301075268817204
0 0.9315185546875 0.4905913978494624 0.051025390625 0.1295698924731183
0 0.9466552734375 0.4975806451612903 0.034423828125 0.09946236559139784
1 0.953857421875 0.5255376344086021 0.00244140625 0.005913978494623656
1 0.9615478515625 0.5293010752688172 0.002197265625 0.006989247311827957
1 0.9315185546875 0.5602150537634408 0.007568359375 0.011827956989247311
