0 0.4912109375 0.4661290322580645 0.18310546875 0.45268817204301076
0 0.686767578125 0.48870967741935484 0.23046875 0.4860215053763441
0 0.2879638671875 0.5134408602150538 0.233642578125 0.46344086021505376
0 0.1761474609375 0.49811827956989246 0.112548828125 0.2693548387096774
0 0.1273193359375 0.4908602150537634 0.105224609375 0.22688172043010751
0 0.330078125 0.22016129032258064 0.05712890625 0.09193548387096774
0 0.376708984375 0.2010752688172043 0.05517578125 0.09247311827956989
0 0.4271240234375 0.1879032258064516 0.054443359375 0.09086021505376345
0 0.4857177734375 0.17580645161290323 0.044189453125 0.08387096774193549
0 0.541259765625 0.1771505376344086 0.04638671875 0.08655913978494624
0 0.596923828125 0.1924731182795699 0.06005859375 0.08709677419354839
0 0.6455078125 0.20349462365591398 0.06005859375 0.08655913978494624
0 0.689697265625 0.22365591397849463 0.05224609375 0.08817204301075268
0 0.7506103515625 0.2567204301075269 0.059326171875 0.09516129032258064
0 0.7830810546875 0.2779569892473118 0.029052734375 0.07419354838709677
0 0.801513671875 0.2913978494623656 0.03173828125 0.07204301075268817
0 0.8319091796875 0.317741935483871 0.042236328125 0.08064516129032258
0 0.8739013671875 0.3610215053763441 0.029541015625 0.05967741935483871
0 0.854736328125 0.3389784946236559 0.025390625 0.05967741935483871
1 0.75927734375 0.6086021505376344 0.029296875 0.04516129032258064
1 0.49365234375 0.6620967741935484 0.06396484375 0.04247311827956989
1 0.203857421875 0.6166666666666667 0.015625 0.01935483870967742
3 0.4949951171875 0.5344086021505376 0.018310546875 0.01827956989247312
3 0.1953125 0.5940860215053764 0.0087890625 0.008602150537634409
1 0.081787109375 0.5639784946236559 0.0068359375 0.010752688172043012
1 0.141357421875 0.614247311827957 0.01318359375 0.014516129032258065
1 0.3131103515625 0.246505376344086 0.011474609375 0.014516129032258065
1 0.3651123046875 0.22446236559139784 0.010009765625 0.00913978494623656
1 0.419921875 0.2129032258064516 0.01025390625 0.008602150537634409
1 0.485595703125 0.1967741935483871 0.01416015625 0.008602150537634409
1 0.546630859375 0.19946236559139785 0.013671875 0.007526881720430108
1 0.6107177734375 0.22043010752688172 0.012939453125 0.00967741935483871
1 0.6632080078125 0.23010752688172043 0.009521484375 0.008602150537634409
1 0.7064208984375 0.25 0.009033203125 0.008602150537634409
1 0.7742919921875 0.2868279569892473 0.005126953125 0.005913978494623656
1 0.7935791015625 0.30295698924731185 0.003662109375 0.004838709677419355
1 0.8135986328125 0.31586021505376344 0.004150390625 0.005913978494623656
3 0.8143310546875 0.3099462365591398 0.002197265625 0.003763440860215054
3 0.7940673828125 0.29596774193548386 0.001708984375 0.004838709677419355
3 0.774658203125 0.2752688172043011 0.001953125 0.005376344086021506
3 0.6114501953125 0.20967741935483872 0.005126953125 0.011827956989247311
3 0.6641845703125 0.2161290322580645 0.002685546875 0.0064516129032258064
3 0.546875 0.19005376344086022 0.0029296875 0.004838709677419355
3 0.4854736328125 0.18440860215053764 0.004638671875 0.007526881720430108
3 0.4193115234375 0.2 0.003173828125 0.007526881720430108
3 0.3126220703125 0.235752688172043 0.003662109375 0.006989247311827957
3 0.364501953125 0.21370967741935484 0.00341796875 0.006989247311827957
