0 0.3690185546875 0.4521505376344086 0.233642578125 0.4989247311827957
0 0.22998046875 0.4629032258064516 0.13427734375 0.33440860215053764
0 0.6199951171875 0.4583333333333333 0.223388671875 0.49946236559139784
0 0.7725830078125 0.4736559139784946 0.159912109375 0.36129032258064514
1 0.3270263671875 0.5782258064516129 0.043701171875 0.056451612903225805
1 0.1983642578125 0.5897849462365592 0.022216796875 0.02903225806451613
1 0.6416015625 0.5887096774193549 0.06982421875 0.035483870967741936
1 0.8243408203125 0.5720430107526882 0.023681640625 0.025806451612903226
3 0.31591796875 0.5344086021505376 0.0166015625 0.026881720430107527
3 0.18212890625 0.5161290322580645 0.005859375 0.015053763440860216
3 0.83251953125 0.5403225806451613 0.00634765625 0.015053763440860216
0 0.14013671875 0.5005376344086021 0.11474609375 0.2731182795698925
0 0.113037109375 0.4825268817204301 0.08447265625 0.18870967741935485
0 0.0677490234375 0.49946236559139784 0.045654296875 0.11935483870967742
0 0.840087890625 0.4932795698924731 0.140625 0.3295698924731183
0 0.8944091796875 0.5010752688172043 0.084716796875 0.2075268817204301
0 0.8251953125 0.3255376344086022 0.04296875 0.08978494623655914
0 0.8095703125 0.31666666666666665 0.02685546875 0.06989247311827956
0 0.787109375 0.2991935483870968 0.041015625 0.08333333333333333
0 0.75830078125 0.27661290322580645 0.04443359375 0.08548387096774193
0 0.7303466796875 0.2577956989247312 0.041259765625 0.08548387096774193
0 0.676513671875 0.2260752688172043 0.0419921875 0.07795698924731183
0 0.6328125 0.2099462365591398 0.05615234375 0.08655913978494624
0 0.5831298828125 0.18870967741935485 0.047119140625 0.05806451612903226
0 0.52490234375 0.18467741935483872 0.04931640625 0.08763440860215053
0 0.4632568359375 0.19032258064516128 0.047119140625 0.08064516129032258
0 0.4134521484375 0.18306451612903227 0.057373046875 0.06827956989247312
0 0.3609619140625 0.20456989247311827 0.058837890625 0.08225806451612903
0 0.3177490234375 0.22795698924731184 0.057861328125 0.0956989247311828
0 0.278076171875 0.24973118279569892 0.05029296875 0.08978494623655914
0 0.2481689453125 0.2696236559139785 0.047607421875 0.08870967741935484
0 0.18115234375 0.3263440860215054 0.046875 0.07419354838709677
1 0.0760498046875 0.5333333333333333 0.004638671875 0.010752688172043012
1 0.09130859375 0.5801075268817204 0.0078125 0.013978494623655914
1 0.068603515625 0.5561827956989247 0.00439453125 0.01129032258064516
1 0.802490234375 0.3263440860215054 0.00341796875 0.005376344086021506
1 0.817626953125 0.34139784946236557 0.00439453125 0.0064516129032258064
1 0.8436279296875 0.3564516129032258 0.003662109375 0.0064516129032258064
3 0.80322265625 0.3196236559139785 0.00146484375 0.003763440860215054
3 0.7763671875 0.3002688172043011 0.001953125 0.004838709677419355
1 0.7420654296875 0.28413978494623654 0.008056640625 0.01021505376344086
1 0.7755126953125 0.30752688172043013 0.006103515625 0.008602150537634409
1 0.5289306640625 0.20940860215053764 0.014404296875 0.01021505376344086
1 0.64501953125 0.2346774193548387 0.01171875 0.01129032258064516
3 0.646484375 0.22365591397849463 0.00341796875 0.0064516129032258064
3 0.52880859375 0.1975806451612903 0.00341796875 0.005913978494623656
3 0.4615478515625 0.20241935483870968 0.004638671875 0.006989247311827957
1 0.4615478515625 0.21344086021505376 0.010009765625 0.010752688172043012
3 0.2294921875 0.2903225806451613 0.001953125 0.005376344086021506
1 0.23046875 0.3010752688172043 0.00732421875 0.00967741935483871
1 0.2625732421875 0.27956989247311825 0.008544921875 0.008602150537634409
1 0.2994384765625 0.26021505376344084 0.009521484375 0.00967741935483871
3 0.2613525390625 0.271505376344086 0.002685546875 0.005376344086021506
3 0.29931640625 0.25026881720430105 0.00244140625 0.004838709677419355
1 0.1610107421875 0.353494623655914 0.004150390625 0.006989247311827957
