0 0.361572265625 0.4879032258064516 0.25634765625 0.5553763440860215
0 0.635498046875 0.49032258064516127 0.25146484375 0.5806451612903226
0 0.2178955078125 0.45940860215053764 0.229736328125 0.4543010752688172
0 0.7762451171875 0.4637096774193548 0.169189453125 0.39408602150537636
0 0.8392333984375 0.46801075268817205 0.140380859375 0.3586021505376344
0 0.9007568359375 0.5053763440860215 0.069580078125 0.2032258064516129
1 0.6805419921875 0.6403225806451613 0.045166015625 0.03118279569892473
1 0.3116455078125 0.6236559139784946 0.065673828125 0.04408602150537634
1 0.1370849609375 0.5793010752688172 0.022216796875 0.03494623655913978
3 0.83935546875 0.5413978494623656 0.0068359375 0.013978494623655914
3 0.831298828125 0.5612903225806452 0.025390625 0.025806451612903226
3 0.6915283203125 0.5846774193548387 0.016845703125 0.02956989247311828
3 0.295654296875 0.5811827956989247 0.01708984375 0.03655913978494624
3 0.125732421875 0.5419354838709678 0.00537109375 0.01827956989247312
0 0.3201904296875 0.21881720430107526 0.051025390625 0.07096774193548387
0 0.3609619140625 0.20698924731182797 0.056396484375 0.07634408602150537
0 0.413330078125 0.18629032258064515 0.05712890625 0.07688172043010753
0 0.4637451171875 0.1913978494623656 0.045166015625 0.08064516129032258
0 0.525390625 0.18575268817204302 0.05078125 0.08978494623655914
0 0.63232421875 0.19973118279569893 0.0556640625 0.06612903225806452
0 0.582763671875 0.18333333333333332 0.044921875 0.05053763440860215
0 0.7314453125 0.2529569892473118 0.0380859375 0.06720430107526881
0 0.7559814453125 0.2653225806451613 0.040771484375 0.06505376344086021
0 0.8251953125 0.3233870967741935 0.04345703125 0.08440860215053764
0 0.080322265625 0.49731182795698925 0.0400390625 0.13870967741935483
1 0.0906982421875 0.5577956989247311 0.006591796875 0.013440860215053764
1 0.0780029296875 0.5422043010752688 0.005615234375 0.012365591397849462
1 0.0687255859375 0.556989247311828 0.003662109375 0.008602150537634409
1 0.4013671875 0.22096774193548388 0.01220703125 0.0064516129032258064
1 0.4615478515625 0.21505376344086022 0.009521484375 0.010752688172043012
1 0.52880859375 0.20940860215053764 0.0146484375 0.008064516129032258
3 0.46142578125 0.20376344086021506 0.00439453125 0.0064516129032258064
3 0.52880859375 0.19865591397849464 0.00341796875 0.004838709677419355
