0 0.3504638671875 0.40376344086021504 0.136474609375 0.2537634408602151
0 0.4884033203125 0.3975806451612903 0.120849609375 0.2801075268817204
0 0.6141357421875 0.3873655913978495 0.167236328125 0.2833333333333333
1 0.6531982421875 0.4220430107526882 0.021240234375 0.02903225806451613
1 0.3206787109375 0.43709677419354837 0.031494140625 0.024731182795698924
3 0.6575927734375 0.3951612903225806 0.008544921875 0.016129032258064516
0 0.078125 0.49650537634408604 0.06689453125 0.08010752688172043
0 0.7274169921875 0.41317204301075267 0.077880859375 0.18548387096774194
0 0.7694091796875 0.421505376344086 0.089599609375 0.16344086021505377
0 0.7513427734375 0.3311827956989247 0.037353515625 0.060215053763440864
0 0.7264404296875 0.3147849462365591 0.036865234375 0.056451612903225805
0 0.7021484375 0.30672043010752686 0.04296875 0.06397849462365592
0 0.5142822265625 0.2647849462365591 0.041259765625 0.06075268817204301
0 0.4342041015625 0.2946236559139785 0.066650390625 0.11827956989247312
0 0.3721923828125 0.2645161290322581 0.044189453125 0.04838709677419355
0 0.329833984375 0.2868279569892473 0.04541015625 0.05967741935483871
0 0.2933349609375 0.3102150537634409 0.048095703125 0.08279569892473118
0 0.2620849609375 0.30376344086021506 0.040283203125 0.035483870967741936
0 0.2431640625 0.3575268817204301 0.04541015625 0.08924731182795699
0 0.2069091796875 0.35940860215053766 0.039306640625 0.07258064516129033
0 0.1767578125 0.37768817204301075 0.03955078125 0.06935483870967742
0 0.155029296875 0.39301075268817204 0.0263671875 0.05698924731182796
0 0.1485595703125 0.39381720430107525 0.041748046875 0.07580645161290323
0 0.1107177734375 0.4274193548387097 0.023193359375 0.046236559139784944
3 0.3175048828125 0.4163978494623656 0.008544921875 0.012365591397849462
3 0.752197265625 0.4314516129032258 0.00439453125 0.008064516129032258
3 0.8043212890625 0.4497311827956989 0.003173828125 0.008064516129032258
1 0.748046875 0.4497311827956989 0.01611328125 0.016666666666666666
1 0.80078125 0.48736559139784946 0.0087890625 0.01129032258064516
1 0.716552734375 0.3301075268817204 0.0068359375 0.008602150537634409
1 0.73974609375 0.3400537634408602 0.00341796875 0.004838709677419355
3 0.717041015625 0.3228494623655914 0.00244140625 0.003763440860215054
3 0.766357421875 0.34946236559139787 0.001953125 0.004301075268817204
3 0.2784423828125 0.3209677419354839 0.002197265625 0.005376344086021506
1 0.2799072265625 0.33440860215053764 0.008056640625 0.007526881720430108
3 0.24072265625 0.36612903225806454 0.00390625 0.0064516129032258064
1 0.2418212890625 0.37446236559139784 0.008056640625 0.00913978494623656
1 0.1923828125 0.3849462365591398 0.00537109375 0.0064516129032258064
3 0.192138671875 0.37768817204301075 0.001953125 0.003763440860215054
1 0.1593017578125 0.4 0.003173828125 0.005376344086021506
