0 0.72607421875 0.421505376344086 0.2314453125 0.38064516129032255
0 0.5479736328125 0.44489247311827956 0.190185546875 0.46720430107526884
0 0.3167724609375 0.47956989247311826 0.263427734375 0.567741935483871
0 0.1851806640625 0.471505376344086 0.184814453125 0.42258064516129035
0 0.854736328125 0.47096774193548385 0.1123046875 0.2956989247311828
0 0.8909912109375 0.45940860215053764 0.100341796875 0.21451612903225806
0 0.9583740234375 0.46908602150537637 0.062255859375 0.09838709677419355
0 0.268798828125 0.2346774193548387 0.0458984375 0.0543010752688172
0 0.3062744140625 0.21935483870967742 0.049560546875 0.07419354838709677
0 0.390380859375 0.16478494623655915 0.06494140625 0.07795698924731183
0 0.4486083984375 0.1739247311827957 0.051513671875 0.08978494623655914
0 0.5062255859375 0.16102150537634408 0.055419921875 0.10161290322580645
0 0.5673828125 0.17069892473118278 0.04931640625 0.08548387096774193
0 0.620849609375 0.17580645161290323 0.06103515625 0.1010752688172043
0 0.6702880859375 0.1889784946236559 0.059326171875 0.09301075268817205
0 0.7125244140625 0.21021505376344085 0.052978515625 0.08817204301075268
0 0.74560546875 0.23172043010752688 0.044921875 0.08817204301075268
0 0.7755126953125 0.25053763440860216 0.046630859375 0.09032258064516129
0 0.8035888671875 0.275 0.032958984375 0.07903225806451612
0 0.8233642578125 0.29193548387096774 0.033935546875 0.07849462365591398
0 0.8411865234375 0.3018817204301075 0.050048828125 0.10268817204301076
0 0.8670654296875 0.3295698924731183 0.025146484375 0.06666666666666667
0 0.8961181640625 0.3629032258064516 0.019287109375 0.05268817204301075
0 0.5296630859375 0.1086021505376344 0.012451171875 0.013978494623655914
0 0.5406494140625 0.110752688172043 0.015869140625 0.011827956989247311
0 0.58251953125 0.11478494623655915 0.0126953125 0.01021505376344086
0 0.556640625 0.110752688172043 0.01220703125 0.012903225806451613
0 0.598876953125 0.11908602150537634 0.01171875 0.01021505376344086
0 0.6505126953125 0.13790322580645162 0.011474609375 0.012365591397849462
1 0.2420654296875 0.6260752688172043 0.030517578125 0.043548387096774194
1 0.5487060546875 0.5650537634408602 0.074951171875 0.035483870967741936
1 0.8165283203125 0.5185483870967742 0.024658203125 0.031720430107526884
1 0.442626953125 0.19516129032258064 0.01123046875 0.007526881720430108
1 0.5059814453125 0.1860215053763441 0.015869140625 0.00967741935483871
1 0.5736083984375 0.19408602150537635 0.010009765625 0.008602150537634409
1 0.6343994140625 0.19865591397849464 0.013427734375 0.01021505376344086
1 0.6849365234375 0.22204301075268817 0.008544921875 0.008602150537634409
1 0.7271728515625 0.2411290322580645 0.008544921875 0.00913978494623656
1 0.7611083984375 0.2610215053763441 0.007080078125 0.00913978494623656
1 0.7921142578125 0.28279569892473116 0.007080078125 0.008602150537634409
1 0.8157958984375 0.3040322580645161 0.004150390625 0.005913978494623656
1 0.8369140625 0.3225806451612903 0.00341796875 0.005376344086021506
1 0.899169921875 0.5529569892473118 0.013671875 0.01881720430107527
1 0.935791015625 0.5188172043010753 0.0048828125 0.011827956989247311
3 0.2281494140625 0.5755376344086022 0.008544921875 0.01881720430107527
3 0.55078125 0.5301075268817205 0.015625 0.034408602150537634
3 0.8223876953125 0.4986559139784946 0.022216796875 0.00913978494623656
3 0.9051513671875 0.5365591397849462 0.002197265625 0.0064516129032258064
3 0.5738525390625 0.18440860215053764 0.003173828125 0.005376344086021506
3 0.6353759765625 0.18225806451612903 0.003662109375 0.0064516129032258064
3 0.68603515625 0.20591397849462365 0.0029296875 0.0064516129032258064
3 0.7288818359375 0.22688172043010751 0.002685546875 0.0064516129032258064
3 0.761474609375 0.2540322580645161 0.00244140625 0.004838709677419355
3 0.5054931640625 0.1577956989247312 0.002197265625 0.002688172043010753
0 0.3438720703125 0.19032258064516128 0.041259765625 0.05913978494623656
