0 0.5255126953125 0.55 0.242919921875 0.610752688172043
0 0.7435302734375 0.4975806451612903 0.244384765625 0.471505376344086
0 0.3348388671875 0.435752688172043 0.225830078125 0.4403225806451613
1 0.2659912109375 0.5298387096774193 0.039794921875 0.037096774193548385
1 0.5234375 0.7188172043010753 0.08984375 0.05591397849462366
1 0.8358154296875 0.6228494623655914 0.030517578125 0.04032258064516129
3 0.2606201171875 0.5053763440860215 0.039306640625 0.008602150537634409
3 0.51953125 0.678763440860215 0.01611328125 0.02849462365591398
3 0.8431396484375 0.5997311827956989 0.026611328125 0.014516129032258065
0 0.952880859375 0.5083333333333333 0.07275390625 0.11774193548387096
0 0.2110595703125 0.43010752688172044 0.134033203125 0.2924731182795699
0 0.15869140625 0.4376344086021505 0.13232421875 0.2752688172043011
0 0.8173828125 0.3155913978494624 0.0478515625 0.1032258064516129
0 0.792236328125 0.2954301075268817 0.03759765625 0.08870967741935484
0 0.7208251953125 0.23817204301075268 0.048583984375 0.08924731182795699
0 0.6820068359375 0.22043010752688172 0.052978515625 0.08817204301075268
0 0.6348876953125 0.19650537634408602 0.055419921875 0.09838709677419355
0 0.58251953125 0.1814516129032258 0.05224609375 0.09946236559139784
0 0.524169921875 0.1696236559139785 0.04931640625 0.09946236559139784
0 0.4681396484375 0.17419354838709677 0.049072265625 0.08387096774193549
0 0.4122314453125 0.17419354838709677 0.072021484375 0.0989247311827957
0 0.3623046875 0.1913978494623656 0.0517578125 0.08494623655913978
0 0.322509765625 0.2118279569892473 0.05810546875 0.09032258064516129
0 0.2921142578125 0.22473118279569892 0.047607421875 0.08387096774193549
0 0.2626953125 0.24247311827956988 0.04248046875 0.08387096774193549
0 0.2349853515625 0.2623655913978495 0.035888671875 0.07634408602150537
1 0.158203125 0.5115591397849463 0.013671875 0.01989247311827957
1 0.805419921875 0.32876344086021503 0.0048828125 0.006989247311827957
1 0.7752685546875 0.3032258064516129 0.004638671875 0.0064516129032258064
1 0.8358154296875 0.353494623655914 0.004638671875 0.006989247311827957
3 0.837890625 0.3432795698924731 0.001953125 0.004838709677419355
3 0.8062744140625 0.32016129032258067 0.002197265625 0.005913978494623656
3 0.7755126953125 0.29516129032258065 0.002197265625 0.004301075268817204
3 0.64697265625 0.20698924731182797 0.0048828125 0.0064516129032258064
3 0.6951904296875 0.2413978494623656 0.002685546875 0.007526881720430108
1 0.69482421875 0.24946236559139784 0.01025390625 0.010752688172043012
1 0.585693359375 0.20725806451612902 0.01025390625 0.00913978494623656
1 0.645263671875 0.2239247311827957 0.0107421875 0.00913978494623656
3 0.58642578125 0.1879032258064516 0.00439453125 0.00913978494623656
1 0.3941650390625 0.20430107526881722 0.011962890625 0.008602150537634409
3 0.3931884765625 0.1793010752688172 0.002197265625 0.002688172043010753
3 0.460205078125 0.18870967741935485 0.0029296875 0.0064516129032258064
3 0.5245361328125 0.17338709677419356 0.005615234375 0.01129032258064516
1 0.5238037109375 0.1913978494623656 0.014404296875 0.010752688172043012
1 0.4605712890625 0.19973118279569893 0.010009765625 0.006989247311827957
1 0.347900390625 0.221505376344086 0.00927734375 0.008602150537634409
1 0.3018798828125 0.2435483870967742 0.009521484375 0.007526881720430108
1 0.27734375 0.25268817204301075 0.00830078125 0.00967741935483871
1 0.2481689453125 0.27204301075268816 0.005126953125 0.007526881720430108
