0 0.6723684210526316 0.4093567251461988 0.2611842105263158 0.6111111111111112
0 0.4384868421052632 0.13230994152046785 0.14671052631578949 0.19444444444444445
0 0.5646381578947368 0.0851608187134503 0.05230263157894737 0.09137426900584796
0 0.6233552631578947 0.097953216374269 0.056578947368421055 0.07602339181286549
0 0.6815789473684211 0.11988304093567251 0.05855263157894737 0.07163742690058479
0 0.3243421052631579 0.13633040935672514 0.05855263157894737 0.09576023391812866
0 0.27713815789473684 0.15826023391812866 0.06611842105263158 0.12207602339181287
0 0.23667763157894736 0.19700292397660818 0.033223684210526315 0.08845029239766082
0 0.2149671052631579 0.2141812865497076 0.028618421052631578 0.08625730994152046
0 0.20082236842105264 0.22514619883040934 0.04638157894736842 0.0935672514619883
0 0.15838815789473684 0.27923976608187134 0.02138157894736842 0.07456140350877193
0 0.1730263157894737 0.2675438596491228 0.018421052631578946 0.05555555555555555
0 0.37105263157894736 0.11074561403508772 0.060526315789473685 0.09283625730994152
0 0.09819078947368422 0.4448099415204678 0.09177631578947368 0.16739766081871346
1 0.7207236842105263 0.6041666666666666 0.06710526315789474 0.046052631578947366
1 0.38569078947368424 0.2046783625730994 0.012828947368421053 0.017543859649122806
1 0.5710526315789474 0.1162280701754386 0.01644736842105263 0.008771929824561403
1 0.35460526315789476 0.1421783625730994 0.009210526315789473 0.010964912280701754
1 0.3057565789473684 0.1695906432748538 0.008881578947368421 0.011695906432748537
1 0.2523026315789474 0.21089181286549707 0.0059210526315789476 0.010964912280701754
1 0.22680921052631578 0.23026315789473684 0.005592105263157895 0.01023391812865497
3 0.7361842105263158 0.5398391812865497 0.013157894736842105 0.03728070175438596
0 0.5128289473684211 0.06030701754385965 0.029605263157894735 0.0577485380116959
0 0.5782894736842106 0.0537280701754386 0.018421052631578946 0.03435672514619883
0 0.6458881578947369 0.08406432748538012 0.03256578947368421 0.049707602339181284
0 0.10542763157894737 0.36293859649122806 0.03453947368421053 0.06505847953216375
0 0.14917763157894737 0.29605263157894735 0.017434210526315788 0.059941520467836254
0 0.5116776315789474 0.049342105263157895 0.048355263157894735 0.04751461988304093
0 0.9327302631578948 0.4371345029239766 0.07401315789473684 0.1608187134502924
0 0.12894736842105264 0.31505847953216376 0.01118421052631579 0.03216374269005848
0 0.1361842105263158 0.3026315789473684 0.009210526315789473 0.033625730994152045
