0 0.6720394736842106 0.40862573099415206 0.25855263157894737 0.6096491228070176
0 0.48848684210526316 0.08296783625730994 0.0625 0.10014619883040936
0 0.5644736842105263 0.08698830409356725 0.05394736842105263 0.09502923976608187
0 0.6225328947368421 0.09539473684210527 0.058223684210526316 0.07090643274853801
0 0.6815789473684211 0.12171052631578948 0.05789473684210526 0.08406432748538012
0 0.42697368421052634 0.09064327485380116 0.05855263157894737 0.0804093567251462
0 0.3703947368421053 0.10818713450292397 0.05526315789473684 0.08333333333333333
0 0.3203947368421053 0.13157894736842105 0.049342105263157895 0.08333333333333333
0 0.27713815789473684 0.1615497076023392 0.06743421052631579 0.12280701754385964
0 0.23569078947368421 0.195906432748538 0.03125 0.08625730994152046
0 0.21792763157894737 0.22039473684210525 0.03519736842105263 0.08698830409356725
0 0.18782894736842104 0.23355263157894737 0.02368421052631579 0.09429824561403509
0 0.15773026315789473 0.28399122807017546 0.020723684210526314 0.0577485380116959
0 0.17417763157894736 0.2627923976608187 0.01875 0.06944444444444445
1 0.7172697368421053 0.5997807017543859 0.07401315789473684 0.0445906432748538
1 0.5710526315789474 0.1154970760233918 0.017763157894736842 0.011695906432748537
1 0.4833881578947368 0.11293859649122807 0.010855263157894738 0.016812865497076022
1 0.4144736842105263 0.11732456140350878 0.01118421052631579 0.010964912280701754
1 0.3557565789473684 0.14181286549707603 0.010855263157894738 0.008771929824561403
1 0.30657894736842106 0.1684941520467836 0.009868421052631578 0.005116959064327485
3 0.7365131578947368 0.5405701754385965 0.01381578947368421 0.04312865497076023
3 0.5697368421052632 0.1027046783625731 0.003947368421052632 0.009502923976608187
3 0.48404605263157896 0.09502923976608187 0.004934210526315789 0.008771929824561403
3 0.4131578947368421 0.10489766081871345 0.003947368421052632 0.00804093567251462
3 0.35328947368421054 0.13048245614035087 0.005263157894736842 0.012426900584795321
3 0.30641447368421054 0.1615497076023392 0.008881578947368421 0.008771929824561403
0 0.09802631578947368 0.44627192982456143 0.09144736842105264 0.17324561403508773
0 0.10641447368421053 0.3622076023391813 0.03388157894736842 0.06798245614035088
0 0.1493421052631579 0.29605263157894735 0.017763157894736842 0.05847953216374269
0 0.45608552631578947 0.0581140350877193 0.03914473684210526 0.06944444444444445
0 0.41036184210526316 0.06286549707602339 0.037171052631578945 0.038011695906432746
0 0.6435855263157895 0.08552631578947369 0.028618421052631578 0.05263157894736842
0 0.7179276315789473 0.12134502923976608 0.040460526315789475 0.05701754385964912
