0 0.687744140625 0.4637096774193548 0.24072265625 0.4682795698924731
0 0.4718017578125 0.513978494623656 0.210205078125 0.5451612903225806
0 0.2869873046875 0.49112903225806454 0.227294921875 0.4306451612903226
0 0.1689453125 0.5029569892473118 0.134765625 0.30376344086021506
0 0.12109375 0.4956989247311828 0.07421875 0.2064516129032258
0 0.1629638671875 0.35 0.060302734375 0.08064516129032258
0 0.32568359375 0.17553763440860215 0.0185546875 0.02849462365591398
0 0.33447265625 0.21801075268817205 0.0537109375 0.08763440860215053
0 0.4281005859375 0.18198924731182795 0.056884765625 0.09731182795698924
0 0.48486328125 0.1760752688172043 0.04443359375 0.08763440860215053
0 0.545166015625 0.17795698924731182 0.0478515625 0.08602150537634409
0 0.59765625 0.18440860215053764 0.05859375 0.08494623655913978
0 0.6461181640625 0.19811827956989247 0.052978515625 0.07580645161290323
0 0.688720703125 0.22016129032258064 0.0546875 0.08763440860215053
0 0.7286376953125 0.24247311827956988 0.050537109375 0.08817204301075268
0 0.755126953125 0.2564516129032258 0.0419921875 0.08494623655913978
0 0.7828369140625 0.27741935483870966 0.039794921875 0.07849462365591398
0 0.80029296875 0.29059139784946236 0.03564453125 0.07795698924731183
0 0.8228759765625 0.31048387096774194 0.029052734375 0.06720430107526881
0 0.8353271484375 0.3233870967741935 0.030517578125 0.06935483870967742
0 0.8450927734375 0.3303763440860215 0.028564453125 0.06612903225806452
0 0.8587646484375 0.34381720430107526 0.025146484375 0.06182795698924731
0 0.8726806640625 0.3567204301075269 0.024658203125 0.056451612903225805
0 0.9617919921875 0.47419354838709676 0.020263671875 0.04516129032258064
1 0.2093505859375 0.6126344086021506 0.036865234375 0.03387096774193549
1 0.4652099609375 0.667741935483871 0.079833984375 0.046236559139784944
1 0.7664794921875 0.5634408602150538 0.024658203125 0.04408602150537634
1 0.0966796875 0.578494623655914 0.00732421875 0.016129032258064516
1 0.31884765625 0.24408602150537634 0.0078125 0.00967741935483871
1 0.420166015625 0.2067204301075269 0.01025390625 0.00913978494623656
1 0.4833984375 0.19704301075268818 0.01416015625 0.00913978494623656
1 0.5509033203125 0.2 0.014404296875 0.00967741935483871
1 0.611083984375 0.21424731182795698 0.01220703125 0.01021505376344086
1 0.6605224609375 0.22822580645161292 0.006103515625 0.006989247311827957
1 0.706787109375 0.24623655913978496 0.009765625 0.010752688172043012
1 0.745361328125 0.2731182795698925 0.00634765625 0.008602150537634409
1 0.7698974609375 0.2846774193548387 0.007080078125 0.00913978494623656
1 0.79833984375 0.30672043010752686 0.0048828125 0.006989247311827957
1 0.813720703125 0.3185483870967742 0.00341796875 0.006989247311827957
1 0.8482666015625 0.3497311827956989 0.002685546875 0.004838709677419355
1 0.869140625 0.36908602150537634 0.00244140625 0.004838709677419355
1 0.321533203125 0.17688172043010753 0.001953125 0.0032258064516129032
3 0.4652099609375 0.6239247311827957 0.017333984375 0.024193548387096774
3 0.779296875 0.5309139784946236 0.00927734375 0.01989247311827957
3 0.74609375 0.26370967741935486 0.00244140625 0.006989247311827957
3 0.7073974609375 0.23736559139784946 0.003173828125 0.004838709677419355
3 0.6610107421875 0.21908602150537634 0.003662109375 0.005913978494623656
3 0.6124267578125 0.19919354838709677 0.003662109375 0.008064516129032258
3 0.5511474609375 0.18870967741935485 0.004638671875 0.0064516129032258064
3 0.4837646484375 0.18494623655913978 0.004150390625 0.0064516129032258064
3 0.4193115234375 0.1881720430107527 0.004638671875 0.007526881720430108
3 0.203369140625 0.5943548387096774 0.03515625 0.016666666666666666
3 0.111572265625 0.5766129032258065 0.00439453125 0.012365591397849462
