0 0.5166015625 0.3889784946236559 0.1171875 0.2747311827956989
0 0.642822265625 0.41317204301075267 0.142578125 0.2467741935483871
0 0.3929443359375 0.3911290322580645 0.132568359375 0.2295698924731183
0 0.2955322265625 0.3935483870967742 0.113037109375 0.1860215053763441
0 0.744873046875 0.4239247311827957 0.12060546875 0.20053763440860214
1 0.786376953125 0.4739247311827957 0.01806640625 0.01989247311827957
1 0.674560546875 0.44946236559139785 0.03369140625 0.026881720430107527
1 0.5150146484375 0.47096774193548385 0.034912109375 0.026881720430107527
1 0.3642578125 0.4220430107526882 0.02734375 0.021505376344086023
1 0.2598876953125 0.4252688172043011 0.019287109375 0.017204301075268817
3 0.78955078125 0.4588709677419355 0.00439453125 0.013440860215053764
3 0.6795654296875 0.4295698924731183 0.009521484375 0.012903225806451613
3 0.515380859375 0.4182795698924731 0.009765625 0.01827956989247312
3 0.3614501953125 0.40241935483870966 0.006103515625 0.012365591397849462
3 0.2562255859375 0.40940860215053765 0.003173828125 0.01021505376344086
0 0.22802734375 0.40725806451612906 0.08642578125 0.1586021505376344
0 0.1044921875 0.4491935483870968 0.04931640625 0.06397849462365592
0 0.8206787109375 0.45161290322580644 0.105224609375 0.2
0 0.87109375 0.4747311827956989 0.0390625 0.13225806451612904
0 0.8985595703125 0.4771505376344086 0.061279296875 0.11989247311827957
0 0.75439453125 0.3255376344086022 0.0419921875 0.06505376344086021
0 0.72802734375 0.3096774193548387 0.04736328125 0.06344086021505377
0 0.692626953125 0.29516129032258065 0.044921875 0.07311827956989247
0 0.654052734375 0.2801075268817204 0.05224609375 0.08279569892473118
0 0.6104736328125 0.26344086021505375 0.045166015625 0.06129032258064516
0 0.568603515625 0.2594086021505376 0.04052734375 0.08440860215053764
0 0.517333984375 0.2368279569892473 0.04052734375 0.044623655913978495
0 0.466796875 0.25 0.044921875 0.08064516129032258
0 0.42578125 0.2532258064516129 0.0439453125 0.06344086021505377
0 0.3875732421875 0.25833333333333336 0.048583984375 0.07365591397849462
0 0.34716796875 0.2701612903225806 0.04248046875 0.06290322580645161
0 0.314453125 0.28091397849462363 0.044921875 0.06182795698924731
0 0.28662109375 0.2956989247311828 0.04345703125 0.06451612903225806
0 0.26318359375 0.3010752688172043 0.04248046875 0.06236559139784946
0 0.22998046875 0.32446236559139785 0.03955078125 0.06505376344086021
0 0.2093505859375 0.3387096774193548 0.031494140625 0.053763440860215055
1 0.197021484375 0.44247311827956987 0.0107421875 0.011827956989247311
3 0.1929931640625 0.4311827956989247 0.002197265625 0.005376344086021506
3 0.867919921875 0.49489247311827955 0.0029296875 0.00913978494623656
1 0.863525390625 0.5064516129032258 0.00927734375 0.012903225806451613
1 0.8787841796875 0.5252688172043011 0.006103515625 0.007526881720430108
1 0.91259765625 0.5198924731182796 0.00390625 0.008602150537634409
3 0.7698974609375 0.3478494623655914 0.001708984375 0.004301075268817204
3 0.70556640625 0.3123655913978495 0.0029296875 0.004301075268817204
3 0.61962890625 0.28091397849462363 0.00341796875 0.005913978494623656
1 0.6195068359375 0.2887096774193548 0.010498046875 0.0064516129032258064
1 0.6671142578125 0.30672043010752686 0.009033203125 0.008064516129032258
1 0.70556640625 0.31989247311827956 0.00927734375 0.007526881720430108
1 0.5723876953125 0.28118279569892474 0.013916015625 0.00967741935483871
1 0.460693359375 0.260752688172043 0.00830078125 0.0064516129032258064
1 0.415771484375 0.27446236559139786 0.01025390625 0.003763440860215054
3 0.4158935546875 0.2672043010752688 0.002685546875 0.0064516129032258064
3 0.4599609375 0.25349462365591396 0.0029296875 0.004838709677419355
3 0.5726318359375 0.2674731182795699 0.003173828125 0.004838709677419355
3 0.2705078125 0.31129032258064515 0.00244140625 0.005376344086021506
3 0.2984619140625 0.3 0.001708984375 0.004301075268817204
3 0.33447265625 0.2854838709677419 0.00244140625 0.004301075268817204
1 0.3748779296875 0.2793010752688172 0.006103515625 0.01021505376344086
1 0.3348388671875 0.29354838709677417 0.009033203125 0.008602150537634409
1 0.299072265625 0.3061827956989247 0.00732421875 0.006989247311827957
1 0.270751953125 0.318010752688172 0.00634765625 0.008064516129032258
1 0.2137451171875 0.34946236559139787 0.001708984375 0.005376344086021506
1 0.247802734375 0.32526881720430106 0.00439453125 0.005376344086021506
3 0.2474365234375 0.31908602150537635 0.001708984375 0.003763440860215054
