0 0.71240234375 0.5032258064516129 0.25732421875 0.5150537634408602
0 0.2247314453125 0.4793010752688172 0.249267578125 0.36075268817204303
0 0.871826171875 0.489247311827957 0.11962890625 0.22688172043010751
0 0.9053955078125 0.47768817204301073 0.072021484375 0.1596774193548387
0 0.8641357421875 0.37016129032258066 0.041748046875 0.057526881720430106
0 0.805908203125 0.3217741935483871 0.03271484375 0.07365591397849462
0 0.775146484375 0.29731182795698924 0.052734375 0.09462365591397849
0 0.741455078125 0.28279569892473116 0.05859375 0.08172043010752689
0 0.6683349609375 0.22419354838709676 0.064697265625 0.07419354838709677
0 0.61474609375 0.225 0.0556640625 0.07688172043010753
0 0.5673828125 0.22661290322580646 0.03466796875 0.08440860215053764
0 0.505126953125 0.21854838709677418 0.041015625 0.07795698924731183
0 0.451171875 0.22553763440860214 0.05712890625 0.08763440860215053
0 0.400634765625 0.23440860215053763 0.05810546875 0.0967741935483871
0 0.3499755859375 0.24946236559139784 0.065673828125 0.1043010752688172
0 0.304443359375 0.27419354838709675 0.044921875 0.08064516129032258
1 0.7940673828125 0.6225806451612903 0.023681640625 0.024731182795698924
1 0.291259765625 0.3061827956989247 0.0078125 0.008064516129032258
1 0.32958984375 0.285752688172043 0.0078125 0.012365591397849462
1 0.3851318359375 0.2567204301075269 0.012451171875 0.01129032258064516
1 0.4400634765625 0.24489247311827958 0.010498046875 0.006989247311827957
1 0.5047607421875 0.2411290322580645 0.009521484375 0.01021505376344086
1 0.564453125 0.2411290322580645 0.0126953125 0.00913978494623656
1 0.6236572265625 0.2456989247311828 0.012939453125 0.008602150537634409
3 0.805908203125 0.5779569892473119 0.009765625 0.021505376344086023
3 0.383544921875 0.24166666666666667 0.00439453125 0.00913978494623656
3 0.43994140625 0.2346774193548387 0.00390625 0.006989247311827957
3 0.5045166015625 0.23306451612903226 0.004638671875 0.005913978494623656
3 0.5648193359375 0.22795698924731184 0.004638671875 0.010752688172043012
3 0.7645263671875 0.3056451612903226 0.002685546875 0.004838709677419355
