0 0.23681640625 0.40591397849462363 0.13330078125 0.17526881720430107
0 0.82373046875 0.4599462365591398 0.10693359375 0.1510752688172043
1 0.1812744140625 0.4446236559139785 0.012451171875 0.015053763440860216
3 0.1781005859375 0.4314516129032258 0.003173828125 0.01021505376344086
0 0.1708984375 0.4204301075268817 0.07373046875 0.15913978494623657
0 0.14697265625 0.4236559139784946 0.06201171875 0.13010752688172042
0 0.1243896484375 0.4306451612903226 0.049072265625 0.10967741935483871
0 0.8829345703125 0.4801075268817204 0.044677734375 0.10215053763440861
0 0.78369140625 0.3577956989247312 0.02880859375 0.06290322580645161
0 0.7625732421875 0.3446236559139785 0.038330078125 0.07634408602150537
0 0.736328125 0.3295698924731183 0.0380859375 0.07741935483870968
0 0.7127685546875 0.31666666666666665 0.046142578125 0.08387096774193549
0 0.6826171875 0.2970430107526882 0.04248046875 0.07365591397849462
0 0.6513671875 0.31666666666666665 0.1005859375 0.10752688172043011
0 0.60205078125 0.2709677419354839 0.041015625 0.06559139784946237
0 0.56298828125 0.2591397849462366 0.0400390625 0.08494623655913978
0 0.51318359375 0.2524193548387097 0.0322265625 0.07473118279569893
0 0.4688720703125 0.2508064516129032 0.040283203125 0.07580645161290323
0 0.4248046875 0.24758064516129033 0.04248046875 0.05860215053763441
0 0.3861083984375 0.2830645161290323 0.111083984375 0.09301075268817205
0 0.33984375 0.26881720430107525 0.046875 0.07526881720430108
0 0.3040771484375 0.2838709677419355 0.042236328125 0.06666666666666667
0 0.277587890625 0.2887096774193548 0.0400390625 0.06344086021505377
0 0.254638671875 0.289247311827957 0.04443359375 0.07096774193548387
0 0.22802734375 0.3053763440860215 0.0439453125 0.07526881720430108
0 0.19091796875 0.3293010752688172 0.03662109375 0.06182795698924731
0 0.1715087890625 0.34381720430107526 0.031982421875 0.0543010752688172
0 0.2017822265625 0.3260752688172043 0.025634765625 0.0478494623655914
1 0.14404296875 0.46344086021505376 0.0078125 0.00967741935483871
1 0.1204833984375 0.45725806451612905 0.004150390625 0.012365591397849462
1 0.1029052734375 0.46021505376344085 0.003173828125 0.005376344086021506
1 0.888916015625 0.5037634408602151 0.00439453125 0.007526881720430108
1 0.8988037109375 0.5048387096774194 0.002197265625 0.007526881720430108
1 0.7943115234375 0.38306451612903225 0.004638671875 0.005913978494623656
1 0.7779541015625 0.36908602150537634 0.004638671875 0.006989247311827957
1 0.7506103515625 0.3532258064516129 0.006103515625 0.007526881720430108
3 0.751953125 0.3443548387096774 0.001953125 0.003763440860215054
3 0.778076171875 0.35940860215053766 0.0009765625 0.003763440860215054
3 0.7945556640625 0.3782258064516129 0.001220703125 0.002688172043010753
3 0.7291259765625 0.3365591397849462 0.001708984375 0.004301075268817204
3 0.6959228515625 0.3118279569892473 0.001220703125 0.005376344086021506
1 0.7283935546875 0.34274193548387094 0.006103515625 0.006989247311827957
1 0.56640625 0.2814516129032258 0.0087890625 0.008064516129032258
1 0.51904296875 0.27419354838709675 0.009765625 0.007526881720430108
3 0.566650390625 0.26666666666666666 0.0029296875 0.007526881720430108
3 0.4656982421875 0.25967741935483873 0.002197265625 0.005376344086021506
1 0.4658203125 0.2706989247311828 0.01123046875 0.006989247311827957
1 0.2633056640625 0.31155913978494626 0.006591796875 0.006989247311827957
1 0.2901611328125 0.3040322580645161 0.007568359375 0.006989247311827957
1 0.2373046875 0.31747311827956987 0.00439453125 0.005913978494623656
3 0.2366943359375 0.3118279569892473 0.001708984375 0.0032258064516129032
3 0.263427734375 0.3045698924731183 0.001953125 0.003763440860215054
3 0.2899169921875 0.2956989247311828 0.001708984375 0.004301075268817204
3 0.175537109375 0.3470430107526882 0.00634765625 0.005913978494623656
1 0.211669921875 0.3395161290322581 0.00341796875 0.005913978494623656
