0 0.710693359375 0.4774193548387097 0.25732421875 0.4913978494623656
0 0.5048828125 0.5091397849462366 0.19482421875 0.47956989247311826
0 0.2828369140625 0.5045698924731182 0.247802734375 0.48118279569892475
0 0.126220703125 0.4879032258064516 0.07568359375 0.20806451612903226
0 0.1812744140625 0.46236559139784944 0.105224609375 0.2645161290322581
0 0.48388671875 0.17338709677419356 0.0439453125 0.09516129032258064
0 0.4290771484375 0.18064516129032257 0.050048828125 0.09032258064516129
0 0.3770751953125 0.20053763440860214 0.052001953125 0.08709677419354839
0 0.331298828125 0.2174731182795699 0.0546875 0.09301075268817205
0 0.54296875 0.1782258064516129 0.0498046875 0.08870967741935484
0 0.5958251953125 0.18951612903225806 0.054931640625 0.08870967741935484
0 0.643310546875 0.19973118279569893 0.05810546875 0.08333333333333333
0 0.6905517578125 0.21505376344086022 0.054443359375 0.07311827956989247
0 0.7265625 0.23413978494623655 0.0517578125 0.08548387096774193
0 0.7530517578125 0.2529569892473118 0.044189453125 0.08225806451612903
0 0.7822265625 0.27204301075268816 0.03125 0.06989247311827956
0 0.80224609375 0.28440860215053765 0.0498046875 0.0967741935483871
1 0.1859130859375 0.6169354838709677 0.031005859375 0.0456989247311828
1 0.5111083984375 0.6026881720430107 0.051025390625 0.03763440860215054
1 0.808349609375 0.5873655913978495 0.037109375 0.03064516129032258
1 0.1026611328125 0.5663978494623656 0.010009765625 0.01881720430107527
1 0.1456298828125 0.5774193548387097 0.012451171875 0.016129032258064516
1 0.3150634765625 0.2413978494623656 0.007080078125 0.0064516129032258064
1 0.3646240234375 0.22338709677419355 0.010498046875 0.008064516129032258
1 0.4237060546875 0.20295698924731181 0.012451171875 0.008064516129032258
1 0.4840087890625 0.2 0.014404296875 0.00967741935483871
1 0.5487060546875 0.20483870967741935 0.009033203125 0.008602150537634409
1 0.60595703125 0.21424731182795698 0.0107421875 0.012365591397849462
1 0.7432861328125 0.27043010752688174 0.009521484375 0.010752688172043012
3 0.50830078125 0.567741935483871 0.01171875 0.02903225806451613
3 0.81005859375 0.5543010752688172 0.03515625 0.021505376344086023
3 0.3148193359375 0.23091397849462367 0.005126953125 0.005913978494623656
3 0.3646240234375 0.21263440860215055 0.004638671875 0.005913978494623656
3 0.4229736328125 0.1860215053763441 0.006591796875 0.008602150537634409
3 0.48388671875 0.18655913978494623 0.00439453125 0.005376344086021506
3 0.5496826171875 0.19112903225806452 0.006103515625 0.012365591397849462
3 0.6063232421875 0.20053763440860214 0.005126953125 0.0064516129032258064
3 0.6607666015625 0.21505376344086022 0.007080078125 0.008602150537634409
0 0.2261962890625 0.2620967741935484 0.050537109375 0.06505376344086021
0 0.8369140625 0.32231182795698926 0.02685546875 0.06612903225806452
0 0.850341796875 0.3365591397849462 0.02587890625 0.06236559139784946
0 0.864990234375 0.3521505376344086 0.02685546875 0.05806451612903226
0 0.87841796875 0.3620967741935484 0.025390625 0.05860215053763441
0 0.8892822265625 0.3728494623655914 0.024658203125 0.056451612903225805
0 0.9029541015625 0.38763440860215054 0.025146484375 0.05591397849462366
0 0.933837890625 0.4271505376344086 0.00634765625 0.01989247311827957
0 0.9415283203125 0.4389784946236559 0.008544921875 0.01989247311827957
0 0.9493408203125 0.4483870967741935 0.006103515625 0.015053763440860216
0 0.9195556640625 0.40725806451612906 0.010986328125 0.031720430107526884
0 0.92529296875 0.414247311827957 0.0107421875 0.03064516129032258
