0 0.3505859375 0.40053763440860213 0.13623046875 0.24516129032258063
0 0.6070556640625 0.3803763440860215 0.157470703125 0.2779569892473118
0 0.740478515625 0.41021505376344086 0.11669921875 0.16021505376344086
1 0.3206787109375 0.4360215053763441 0.031494140625 0.024731182795698924
1 0.642333984375 0.41451612903225804 0.01611328125 0.013978494623655914
1 0.7852783203125 0.475 0.012451171875 0.013440860215053764
3 0.6461181640625 0.39005376344086023 0.008544921875 0.015591397849462365
3 0.7882080078125 0.43790322580645163 0.003662109375 0.006989247311827957
0 0.0687255859375 0.4954301075268817 0.049560546875 0.08870967741935484
0 0.0428466796875 0.5086021505376344 0.030517578125 0.06451612903225806
0 0.0345458984375 0.5096774193548387 0.037353515625 0.06344086021505377
0 0.5030517578125 0.25026881720430105 0.031005859375 0.06182795698924731
0 0.661865234375 0.27123655913978495 0.03759765625 0.043548387096774194
0 0.69970703125 0.3040322580645161 0.0478515625 0.06290322580645161
0 0.7296142578125 0.31344086021505374 0.049072265625 0.06989247311827956
0 0.7576904296875 0.3327956989247312 0.034912109375 0.054838709677419356
0 0.80419921875 0.43091397849462365 0.07763671875 0.1489247311827957
3 0.5045166015625 0.25887096774193546 0.005615234375 0.005913978494623656
1 0.5047607421875 0.2661290322580645 0.009033203125 0.005376344086021506
1 0.6734619140625 0.2846774193548387 0.006103515625 0.008064516129032258
1 0.716796875 0.32741935483870965 0.00732421875 0.005376344086021506
1 0.769775390625 0.34408602150537637 0.00390625 0.005376344086021506
3 0.717529296875 0.32150537634408605 0.00244140625 0.004301075268817204
3 0.7498779296875 0.33978494623655914 0.001708984375 0.002150537634408602
3 0.7701416015625 0.339247311827957 0.001708984375 0.0032258064516129032
