0 0.3458251953125 0.4010752688172043 0.126220703125 0.24838709677419354
0 0.6082763671875 0.3811827956989247 0.156494140625 0.278494623655914
0 0.7860107421875 0.43091397849462365 0.112060546875 0.1489247311827957
1 0.320068359375 0.435752688172043 0.03271484375 0.024193548387096774
1 0.6424560546875 0.41451612903225804 0.015869140625 0.013978494623655914
3 0.6458740234375 0.38924731182795697 0.009033203125 0.017204301075268817
0 0.068603515625 0.4946236559139785 0.0478515625 0.08494623655913978
0 0.0435791015625 0.5077956989247312 0.031982421875 0.06075268817204301
0 0.0341796875 0.5094086021505376 0.0361328125 0.06290322580645161
0 0.502685546875 0.2510752688172043 0.03125 0.06344086021505377
0 0.661376953125 0.271505376344086 0.03662109375 0.04408602150537634
0 0.6993408203125 0.30752688172043013 0.048095703125 0.07096774193548387
0 0.7294921875 0.3172043010752688 0.048828125 0.07849462365591398
0 0.7578125 0.3317204301075269 0.033203125 0.054838709677419356
3 0.504638671875 0.25806451612903225 0.00537109375 0.004301075268817204
1 0.504638671875 0.2663978494623656 0.0087890625 0.004838709677419355
1 0.673095703125 0.2849462365591398 0.005859375 0.005376344086021506
1 0.717041015625 0.3282258064516129 0.0068359375 0.006989247311827957
1 0.749755859375 0.346505376344086 0.00439453125 0.005913978494623656
1 0.77001953125 0.3443548387096774 0.00390625 0.005913978494623656
3 0.71728515625 0.32123655913978494 0.00244140625 0.004838709677419355
3 0.7498779296875 0.3395161290322581 0.002685546875 0.003763440860215054
3 0.3175048828125 0.4163978494623656 0.008056640625 0.00913978494623656
