0 0.516845703125 0.3870967741935484 0.115234375 0.27419354838709675
0 0.3834228515625 0.3935483870967742 0.137939453125 0.25483870967741934
0 0.28955078125 0.39301075268817204 0.1220703125 0.1924731182795699
0 0.649169921875 0.4158602150537634 0.14208984375 0.25
0 0.747802734375 0.4220430107526882 0.134765625 0.22903225806451613
0 0.270751953125 0.31827956989247314 0.00634765625 0.007526881720430108
0 0.337158203125 0.289247311827957 0.00537109375 0.007526881720430108
0 0.3743896484375 0.27741935483870966 0.004150390625 0.004301075268817204
0 0.5455322265625 0.2325268817204301 0.003173828125 0.003763440860215054
0 0.229248046875 0.34139784946236557 0.00244140625 0.004301075268817204
0 0.1700439453125 0.36774193548387096 0.002197265625 0.0032258064516129032
0 0.099609375 0.45268817204301076 0.044921875 0.05913978494623656
0 0.1492919921875 0.37661290322580643 0.020751953125 0.02956989247311828
0 0.185791015625 0.3577956989247312 0.03662109375 0.044623655913978495
0 0.19970703125 0.3271505376344086 0.01904296875 0.01881720430107527
0 0.234130859375 0.3206989247311828 0.04296875 0.06612903225806452
0 0.248779296875 0.3172043010752688 0.0478515625 0.054838709677419356
0 0.285400390625 0.29623655913978497 0.0400390625 0.06559139784946237
0 0.3150634765625 0.2776881720430108 0.046630859375 0.06505376344086021
0 0.349609375 0.2669354838709677 0.04443359375 0.06720430107526881
0 0.3876953125 0.2553763440860215 0.05078125 0.06774193548387097
0 0.4271240234375 0.24946236559139784 0.047119140625 0.05698924731182796
0 0.468017578125 0.2543010752688172 0.044921875 0.07096774193548387
0 0.61083984375 0.2672043010752688 0.0458984375 0.07096774193548387
0 0.568115234375 0.25833333333333336 0.0439453125 0.08548387096774193
0 0.51611328125 0.23629032258064517 0.0419921875 0.0489247311827957
0 0.6904296875 0.2884408602150538 0.04638671875 0.07258064516129033
0 0.7762451171875 0.3293010752688172 0.042724609375 0.05860215053763441
1 0.79052734375 0.482258064516129 0.02001953125 0.02043010752688172
1 0.6844482421875 0.46263440860215055 0.023681640625 0.01989247311827957
1 0.5150146484375 0.47123655913978496 0.035400390625 0.027419354838709678
1 0.344482421875 0.4806451612903226 0.0302734375 0.017204301075268817
1 0.245849609375 0.4352150537634409 0.0185546875 0.014516129032258065
1 0.4608154296875 0.27661290322580645 0.009033203125 0.005913978494623656
1 0.572265625 0.28091397849462363 0.0126953125 0.00913978494623656
1 0.6197509765625 0.2887096774193548 0.010498046875 0.007526881720430108
1 0.6669921875 0.30591397849462365 0.00732421875 0.0064516129032258064
3 0.795654296875 0.4612903225806452 0.0048828125 0.011827956989247311
3 0.6881103515625 0.43629032258064515 0.006591796875 0.013440860215053764
3 0.5155029296875 0.41854838709677417 0.009521484375 0.017741935483870968
3 0.3427734375 0.4510752688172043 0.00830078125 0.016129032258064516
3 0.242431640625 0.41451612903225804 0.00390625 0.00967741935483871
3 0.86767578125 0.49516129032258066 0.00341796875 0.00967741935483871
3 0.886474609375 0.4889784946236559 0.001953125 0.006989247311827957
3 0.9229736328125 0.510752688172043 0.001220703125 0.004301075268817204
3 0.2706298828125 0.31155913978494626 0.001708984375 0.003763440860215054
3 0.2987060546875 0.2916666666666667 0.002685546875 0.005913978494623656
3 0.3370361328125 0.2825268817204301 0.002197265625 0.004838709677419355
3 0.4608154296875 0.2653225806451613 0.003173828125 0.004838709677419355
3 0.57275390625 0.2682795698924731 0.00341796875 0.0064516129032258064
3 0.6201171875 0.2814516129032258 0.00341796875 0.005913978494623656
3 0.667724609375 0.2870967741935484 0.00146484375 0.002150537634408602
0 0.2259521484375 0.4053763440860215 0.083740234375 0.16021505376344086
0 0.865478515625 0.4685483870967742 0.0517578125 0.14139784946236558
0 0.886962890625 0.475 0.04443359375 0.12204301075268817
0 0.912841796875 0.4954301075268817 0.02392578125 0.08978494623655914
0 0.9234619140625 0.4889784946236559 0.041259765625 0.08118279569892473
0 0.940673828125 0.4975806451612903 0.03857421875 0.09086021505376345
0 0.825439453125 0.45403225806451614 0.09765625 0.20161290322580644
0 0.6536865234375 0.27956989247311825 0.052978515625 0.07956989247311828
1 0.86328125 0.5069892473118279 0.00927734375 0.011827956989247311
1 0.8787841796875 0.5252688172043011 0.006591796875 0.011827956989247311
1 0.9058837890625 0.4986559139784946 0.004150390625 0.008064516129032258
