0 0.7822265625 0.443010752688172 0.12109375 0.16881720430107527
0 0.2459716796875 0.4032258064516129 0.114990234375 0.17096774193548386
0 0.8450927734375 0.4620967741935484 0.072021484375 0.1521505376344086
0 0.17138671875 0.42096774193548386 0.0751953125 0.15483870967741936
0 0.141845703125 0.4271505376344086 0.052734375 0.128494623655914
0 0.1287841796875 0.425 0.055419921875 0.11451612903225807
0 0.0867919921875 0.4483870967741935 0.033935546875 0.07096774193548387
0 0.884521484375 0.4801075268817204 0.03857421875 0.0978494623655914
0 0.42724609375 0.2776881720430108 0.1044921875 0.09623655913978495
0 0.682861328125 0.2994623655913978 0.04345703125 0.08172043010752689
0 0.6478271484375 0.285752688172043 0.049072265625 0.08870967741935484
0 0.6063232421875 0.2760752688172043 0.050537109375 0.07688172043010753
0 0.56103515625 0.26048387096774195 0.04443359375 0.08440860215053764
0 0.513427734375 0.2537634408602151 0.03271484375 0.06881720430107527
0 0.4700927734375 0.2521505376344086 0.038818359375 0.07419354838709677
0 0.37646484375 0.26129032258064516 0.04345703125 0.07311827956989247
0 0.33984375 0.2693548387096774 0.04736328125 0.07526881720430108
0 0.3074951171875 0.2776881720430108 0.046142578125 0.07580645161290323
0 0.277587890625 0.29059139784946236 0.03759765625 0.06397849462365592
0 0.2552490234375 0.2887096774193548 0.043701171875 0.06989247311827956
0 0.228271484375 0.3045698924731183 0.04345703125 0.07795698924731183
1 0.1439208984375 0.4629032258064516 0.007080078125 0.010752688172043012
1 0.12060546875 0.45725806451612905 0.00439453125 0.012365591397849462
1 0.105712890625 0.4559139784946237 0.0029296875 0.0064516129032258064
1 0.8890380859375 0.5032258064516129 0.004150390625 0.007526881720430108
1 0.616943359375 0.2994623655913978 0.009765625 0.008602150537634409
1 0.6605224609375 0.3139784946236559 0.008056640625 0.007526881720430108
1 0.6951904296875 0.32204301075268815 0.008056640625 0.008602150537634409
3 0.6959228515625 0.31209677419354837 0.002197265625 0.004838709677419355
3 0.662109375 0.2954301075268817 0.001953125 0.004838709677419355
3 0.6175537109375 0.2900537634408602 0.004150390625 0.01021505376344086
3 0.5672607421875 0.26666666666666666 0.001708984375 0.004301075268817204
1 0.5186767578125 0.27419354838709675 0.010498046875 0.007526881720430108
1 0.5667724609375 0.2830645161290323 0.010986328125 0.006989247311827957
1 0.366943359375 0.27876344086021504 0.00634765625 0.005913978494623656
1 0.29345703125 0.2970430107526882 0.00634765625 0.006989247311827957
1 0.325439453125 0.2916666666666667 0.005859375 0.008064516129032258
3 0.3668212890625 0.2709677419354839 0.003173828125 0.0064516129032258064
3 0.2930908203125 0.28897849462365593 0.002197265625 0.004838709677419355
1 0.2652587890625 0.31344086021505374 0.003662109375 0.007526881720430108
1 0.2371826171875 0.31666666666666665 0.004638671875 0.005376344086021506
