0 0.7244873046875 0.43333333333333335 0.230712890625 0.3989247311827957
0 0.0716552734375 0.4932795698924731 0.051025390625 0.07795698924731183
0 0.9560546875 0.46774193548387094 0.0556640625 0.08709677419354839
0 0.86572265625 0.3295698924731183 0.02734375 0.06129032258064516
0 0.842529296875 0.3064516129032258 0.04052734375 0.08387096774193549
0 0.8233642578125 0.29193548387096774 0.033447265625 0.07526881720430108
0 0.7938232421875 0.27338709677419354 0.052978515625 0.08010752688172043
0 0.70703125 0.21451612903225806 0.06201171875 0.08494623655913978
0 0.6136474609375 0.17526881720430107 0.062744140625 0.09032258064516129
0 0.4495849609375 0.17096774193548386 0.049072265625 0.08817204301075268
0 0.3973388671875 0.18521505376344086 0.056884765625 0.09301075268817205
0 0.34814453125 0.20483870967741935 0.04931640625 0.09247311827956989
0 0.3060302734375 0.22661290322580646 0.049560546875 0.09086021505376345
0 0.2681884765625 0.25268817204301075 0.045166015625 0.09032258064516129
0 0.2022705078125 0.31129032258064515 0.049072265625 0.07849462365591398
0 0.08544921875 0.43709677419354837 0.0322265625 0.05053763440860215
1 0.25244140625 0.2801075268817204 0.00830078125 0.010752688172043012
1 0.2921142578125 0.25510752688172045 0.006103515625 0.01129032258064516
1 0.33740234375 0.2303763440860215 0.01171875 0.013440860215053764
3 0.3360595703125 0.2196236559139785 0.004150390625 0.005913978494623656
3 0.2916259765625 0.2467741935483871 0.001708984375 0.004301075268817204
3 0.44189453125 0.18494623655913978 0.0029296875 0.005376344086021506
1 0.4422607421875 0.19596774193548386 0.011962890625 0.00913978494623656
1 0.6292724609375 0.20349462365591398 0.012939453125 0.00913978494623656
1 0.72802734375 0.24516129032258063 0.00634765625 0.008602150537634409
3 0.630126953125 0.19274193548387097 0.00341796875 0.00913978494623656
3 0.7286376953125 0.235752688172043 0.003173828125 0.004838709677419355
1 0.8157958984375 0.3045698924731183 0.004150390625 0.005913978494623656
1 0.8370361328125 0.3225806451612903 0.003173828125 0.005376344086021506
1 0.859130859375 0.34086021505376346 0.00390625 0.005376344086021506
1 0.8768310546875 0.3564516129032258 0.003173828125 0.005376344086021506
1 0.8150634765625 0.5225806451612903 0.024169921875 0.030107526881720432
