0 0.7777960526315789 0.3972953216374269 0.2430921052631579 0.43932748538011696
0 0.3782894736842105 0.4371345029239766 0.23157894736842105 0.7002923976608187
0 0.5542763157894737 0.11038011695906433 0.26710526315789473 0.22076023391812866
0 0.14375 0.32127192982456143 0.042105263157894736 0.07675438596491228
0 0.2180921052631579 0.21564327485380116 0.039473684210526314 0.1023391812865497
0 0.24292763157894737 0.1922514619883041 0.048355263157894735 0.10818713450292397
0 0.28092105263157896 0.1564327485380117 0.05263157894736842 0.10380116959064327
0 0.3324013157894737 0.12097953216374269 0.058881578947368424 0.09576023391812866
0 0.3881578947368421 0.0800438596491228 0.05986842105263158 0.08552631578947369
0 0.44276315789473686 0.0489766081871345 0.04276315789473684 0.07748538011695906
0 0.6990131578947368 0.11074561403508772 0.06315789473684211 0.09283625730994152
0 0.7457236842105263 0.13523391812865498 0.0506578947368421 0.10380116959064327
0 0.7743421052631579 0.15899122807017543 0.034868421052631576 0.08991228070175439
0 0.7985197368421053 0.18530701754385964 0.040460526315789475 0.09283625730994152
0 0.8243421052631579 0.2141812865497076 0.03684210526315789 0.09064327485380116
0 0.4144736842105263 0.047149122807017545 0.030263157894736843 0.0577485380116959
0 0.8805921052631579 0.4053362573099415 0.11644736842105263 0.29751461988304095
0 0.9350328947368421 0.4305555555555556 0.05296052631578947 0.17690058479532164
0 0.9574013157894737 0.45285087719298245 0.03190789473684211 0.1162280701754386
0 0.9009868421052631 0.322733918128655 0.019736842105263157 0.03728070175438596
0 0.912828947368421 0.33881578947368424 0.009868421052631578 0.025584795321637425
