0 0.3668212890625 0.49274193548387096 0.253173828125 0.5618279569892473
0 0.2174072265625 0.4723118279569892 0.230712890625 0.4693548387096774
0 0.7462158203125 0.4620967741935484 0.229736328125 0.40161290322580645
1 0.83154296875 0.5618279569892473 0.025390625 0.026881720430107527
1 0.3245849609375 0.6301075268817204 0.069580078125 0.041935483870967745
1 0.1368408203125 0.578763440860215 0.022705078125 0.03602150537634408
3 0.8392333984375 0.5411290322580645 0.006591796875 0.013440860215053764
3 0.309326171875 0.5881720430107527 0.0185546875 0.03763440860215054
3 0.1258544921875 0.5422043010752688 0.005615234375 0.01881720430107527
0 0.8460693359375 0.4752688172043011 0.130126953125 0.3419354838709677
0 0.9071044921875 0.4838709677419355 0.091064453125 0.16666666666666666
0 0.3201904296875 0.21989247311827956 0.051025390625 0.07526881720430108
0 0.361572265625 0.20833333333333334 0.0576171875 0.08010752688172043
0 0.413818359375 0.18844086021505377 0.05859375 0.08118279569892473
0 0.463623046875 0.1922043010752688 0.0458984375 0.08118279569892473
0 0.5255126953125 0.18736559139784947 0.050048828125 0.09086021505376345
0 0.5828857421875 0.19865591397849464 0.046630859375 0.07903225806451612
0 0.63330078125 0.2118279569892473 0.05517578125 0.08924731182795699
0 0.6766357421875 0.2260752688172043 0.042724609375 0.07688172043010753
0 0.7320556640625 0.25188172043010754 0.036865234375 0.06827956989247312
1 0.0684814453125 0.5559139784946237 0.004150390625 0.010752688172043012
1 0.0780029296875 0.5419354838709678 0.004638671875 0.012903225806451613
1 0.0904541015625 0.556989247311828 0.007080078125 0.015053763440860216
1 0.4014892578125 0.22204301075268817 0.012939453125 0.007526881720430108
1 0.46142578125 0.21478494623655914 0.00927734375 0.01129032258064516
3 0.46142578125 0.2032258064516129 0.00439453125 0.007526881720430108
1 0.5286865234375 0.20887096774193548 0.015380859375 0.00913978494623656
3 0.52880859375 0.19865591397849464 0.00390625 0.005913978494623656
3 0.6463623046875 0.22365591397849463 0.004150390625 0.0064516129032258064
1 0.5911865234375 0.21801075268817205 0.011962890625 0.00913978494623656
1 0.6451416015625 0.2346774193548387 0.011962890625 0.00913978494623656
