0 0.8496710526315789 0.3980263157894737 0.18289473684210528 0.32090643274853803
0 0.06151315789473684 0.48428362573099415 0.08026315789473684 0.1600877192982456
0 0.10625 0.36878654970760233 0.05986842105263158 0.10160818713450293
0 0.11299342105263158 0.3172514619883041 0.02138157894736842 0.03654970760233918
0 0.13799342105263157 0.28618421052631576 0.02138157894736842 0.07090643274853801
0 0.15723684210526315 0.260233918128655 0.03355263157894737 0.0935672514619883
0 0.17286184210526315 0.24378654970760233 0.03519736842105263 0.09722222222222222
0 0.21217105263157895 0.19773391812865498 0.06184210526315789 0.11330409356725146
0 0.27171052631578946 0.1385233918128655 0.05460526315789474 0.1118421052631579
0 0.321875 0.1070906432748538 0.07664473684210527 0.11769005847953216
0 0.38667763157894736 0.0756578947368421 0.058881578947368424 0.09576023391812866
0 0.4444078947368421 0.05555555555555555 0.0625 0.10964912280701754
0 0.5179276315789474 0.04788011695906433 0.06151315789473684 0.09576023391812866
0 0.5893092105263158 0.06432748538011696 0.06414473684210527 0.097953216374269
0 0.647203947368421 0.08625730994152046 0.06480263157894736 0.09649122807017543
0 0.694078947368421 0.10453216374269006 0.060526315789473685 0.1023391812865497
0 0.7376644736842105 0.14108187134502925 0.05098684210526316 0.09649122807017543
0 0.7963815789473684 0.22076023391812866 0.08552631578947369 0.097953216374269
0 0.5595394736842105 0.03252923976608187 0.034868421052631576 0.05043859649122807
0 0.41036184210526316 0.034722222222222224 0.02598684210526316 0.03728070175438596
0 0.3638157894736842 0.05665204678362573 0.030263157894736843 0.04751461988304093
