0 0.4365131578947368 0.12463450292397661 0.11973684210526316 0.19517543859649122
0 0.8939144736842105 0.4195906432748538 0.10822368421052632 0.2573099415204678
0 0.4042763157894737 0.0625 0.049342105263157895 0.09137426900584796
0 0.5353618421052632 0.049707602339181284 0.05361842105263158 0.08771929824561403
0 0.6018092105263158 0.06359649122807018 0.05756578947368421 0.09210526315789473
0 0.6638157894736842 0.09137426900584796 0.06578947368421052 0.1023391812865497
0 0.7141447368421052 0.11732456140350878 0.057236842105263155 0.1074561403508772
0 0.7578947368421053 0.15350877192982457 0.056578947368421055 0.1023391812865497
0 0.7817434210526316 0.16776315789473684 0.04572368421052632 0.10160818713450293
0 0.8103618421052632 0.19919590643274854 0.03256578947368421 0.08260233918128655
0 0.8358552631578947 0.23464912280701755 0.034210526315789476 0.07309941520467836
0 0.8518092105263158 0.24926900584795322 0.037171052631578945 0.097953216374269
0 0.8680921052631579 0.2635233918128655 0.04144736842105263 0.09868421052631579
0 0.8955592105263158 0.3121345029239766 0.014802631578947368 0.05263157894736842
1 0.4072368421052632 0.18603801169590642 0.015789473684210527 0.010964912280701754
3 0.4069078947368421 0.1597222222222222 0.007236842105263158 0.013888888888888888
0 0.4699013157894737 0.02887426900584795 0.04638157894736842 0.0533625730994152
0 0.5771381578947369 0.03435672514619883 0.03519736842105263 0.05116959064327485
0 0.6302631578947369 0.0445906432748538 0.038157894736842106 0.05701754385964912
0 0.6888157894736842 0.055190058479532164 0.03355263157894737 0.035818713450292396
0 0.9483552631578948 0.4597953216374269 0.0506578947368421 0.14035087719298245
