0 0.37006578947368424 0.3538011695906433 0.22960526315789473 0.5058479532163743
0 0.7958881578947369 0.30409356725146197 0.3088815789473684 0.4269005847953216
0 0.15625 0.45760233918128657 0.19210526315789472 0.37719298245614036
0 0.21414473684210528 0.2225877192982456 0.04144736842105263 0.10307017543859649
0 0.24671052631578946 0.1787280701754386 0.04276315789473684 0.11330409356725146
0 0.2881578947368421 0.14546783625730994 0.06184210526315789 0.11988304093567251
0 0.3361842105263158 0.11220760233918128 0.056578947368421055 0.09576023391812866
0 0.3868421052631579 0.06980994152046784 0.053289473684210525 0.07090643274853801
0 0.4521381578947368 0.062134502923976605 0.05098684210526316 0.08625730994152046
0 0.5259868421052631 0.049342105263157895 0.05263157894736842 0.09868421052631579
0 0.5894736842105263 0.05884502923976608 0.06644736842105263 0.10307017543859649
0 0.647203947368421 0.07529239766081872 0.05361842105263158 0.09502923976608187
1 0.3391447368421053 0.5266812865497076 0.07039473684210526 0.04312865497076023
3 0.32105263157894737 0.4444444444444444 0.02236842105263158 0.03070175438596491
0 0.10542763157894737 0.4510233918128655 0.09967105263157895 0.2631578947368421
0 0.4162828947368421 0.0489766081871345 0.03519736842105263 0.05701754385964912
0 0.37023026315789476 0.056286549707602336 0.03519736842105263 0.039473684210526314
0 0.33223684210526316 0.06725146198830409 0.021052631578947368 0.023391812865497075
0 0.3549342105263158 0.0537280701754386 0.023026315789473683 0.02412280701754386
0 0.43898026315789473 0.021929824561403508 0.02138157894736842 0.03070175438596491
0 0.4720394736842105 0.01827485380116959 0.020394736842105264 0.033625730994152045
0 0.4963815789473684 0.016812865497076022 0.011842105263157895 0.033625730994152045
0 0.69375 0.08296783625730994 0.05263157894736842 0.06505847953216375
0 0.9064144736842106 0.41483918128654973 0.07532894736842105 0.1966374269005848
0 0.9636513157894737 0.47076023391812866 0.019407894736842107 0.0847953216374269
