0 0.686767578125 0.4868279569892473 0.2294921875 0.48655913978494625
0 0.489013671875 0.3720430107526882 0.13818359375 0.3247311827956989
0 0.28857421875 0.507258064516129 0.23486328125 0.4489247311827957
0 0.33154296875 0.260752688172043 0.166015625 0.11935483870967742
0 0.4866943359375 0.17150537634408602 0.044189453125 0.07526881720430108
0 0.541259765625 0.17983870967741936 0.04736328125 0.06827956989247312
0 0.59765625 0.18978494623655914 0.05859375 0.08817204301075268
0 0.6455078125 0.20241935483870968 0.05712890625 0.09193548387096774
0 0.663330078125 0.2293010752688172 0.0087890625 0.00913978494623656
0 0.6109619140625 0.21989247311827956 0.011962890625 0.007526881720430108
0 0.546875 0.19946236559139785 0.01318359375 0.007526881720430108
0 0.4854736328125 0.19731182795698926 0.012939453125 0.007526881720430108
1 0.760498046875 0.603225806451613 0.02783203125 0.04946236559139785
1 0.490478515625 0.5032258064516129 0.05029296875 0.03225806451612903
1 0.206787109375 0.6255376344086021 0.03857421875 0.03602150537634408
3 0.1951904296875 0.5938172043010753 0.009521484375 0.01021505376344086
3 0.490966796875 0.4010752688172043 0.01416015625 0.025806451612903226
0 0.42724609375 0.18521505376344086 0.05517578125 0.08870967741935484
0 0.3780517578125 0.18306451612903227 0.052490234375 0.0553763440860215
0 0.333984375 0.19596774193548386 0.04931640625 0.044623655913978495
0 0.332275390625 0.1586021505376344 0.0087890625 0.011827956989247311
0 0.15576171875 0.3524193548387097 0.046875 0.06505376344086021
0 0.1771240234375 0.49946236559139784 0.113525390625 0.27204301075268816
0 0.689697265625 0.22204301075268817 0.05322265625 0.08602150537634409
0 0.7496337890625 0.2545698924731183 0.061767578125 0.09301075268817205
0 0.7821044921875 0.2752688172043011 0.031982421875 0.07526881720430108
0 0.800048828125 0.28897849462365593 0.03515625 0.07365591397849462
0 0.83154296875 0.31586021505376344 0.04345703125 0.08548387096774193
0 0.854736328125 0.33844086021505376 0.025390625 0.06182795698924731
0 0.884521484375 0.3758064516129032 0.02392578125 0.046236559139784944
0 0.8892822265625 0.37526881720430105 0.026611328125 0.053763440860215055
0 0.9010009765625 0.38763440860215054 0.012451171875 0.03763440860215054
0 0.9041748046875 0.39005376344086023 0.018310546875 0.0467741935483871
0 0.912353515625 0.40161290322580645 0.01025390625 0.03333333333333333
0 0.91455078125 0.40403225806451615 0.0146484375 0.038172043010752686
0 0.918212890625 0.40698924731182795 0.0146484375 0.03870967741935484
