0 0.6342105263157894 0.3505116959064328 0.20592105263157895 0.547514619883041
0 0.7899671052631579 0.37609649122807015 0.19901315789473684 0.4276315789473684
0 0.15707236842105263 0.40862573099415206 0.17993421052631578 0.347953216374269
1 0.6751644736842105 0.5723684210526315 0.05032894736842105 0.03070175438596491
3 0.6804276315789474 0.52046783625731 0.01611842105263158 0.029239766081871343
0 0.46529605263157897 0.051535087719298246 0.04901315789473684 0.08552631578947369
0 0.5324013157894737 0.05007309941520468 0.05032894736842105 0.08260233918128655
0 0.5878289473684211 0.05299707602339181 0.05526315789473684 0.07529239766081872
0 0.6453947368421052 0.08442982456140351 0.05986842105263158 0.10014619883040936
0 0.694078947368421 0.11330409356725146 0.057236842105263155 0.097953216374269
0 0.7384868421052632 0.12390350877192982 0.060526315789473685 0.10453216374269006
0 0.7754934210526315 0.1695906432748538 0.036513157894736845 0.07163742690058479
0 0.8013157894736842 0.19992690058479531 0.03684210526315789 0.08406432748538012
0 0.3973684210526316 0.06871345029239766 0.06776315789473684 0.10087719298245613
0 0.3370065789473684 0.09758771929824561 0.06019736842105263 0.10014619883040936
0 0.2949013157894737 0.11988304093567251 0.051644736842105264 0.097953216374269
0 0.2519736842105263 0.15899122807017543 0.056578947368421055 0.10453216374269006
0 0.21513157894736842 0.19444444444444445 0.04473684210526316 0.09941520467836257
0 0.19161184210526316 0.20833333333333334 0.054276315789473686 0.12134502923976608
0 0.1355263157894737 0.2821637426900585 0.024342105263157894 0.038011695906432746
0 0.11315789473684211 0.3216374269005848 0.029605263157894735 0.05116959064327485
0 0.07335526315789474 0.45321637426900585 0.05986842105263158 0.2134502923976608
0 0.034868421052631576 0.4956140350877193 0.028289473684210528 0.1023391812865497
0 0.8879934210526316 0.4301900584795322 0.06414473684210527 0.2638888888888889
0 0.9001644736842105 0.39985380116959063 0.09638157894736842 0.24707602339181287
