0 0.516357421875 0.3903225806451613 0.11669921875 0.2763440860215054
0 0.6429443359375 0.41155913978494624 0.142333984375 0.2456989247311828
0 0.7449951171875 0.4258064516129032 0.120849609375 0.1989247311827957
0 0.3997802734375 0.39059139784946234 0.118896484375 0.2295698924731183
0 0.296142578125 0.3956989247311828 0.1142578125 0.19032258064516128
1 0.514892578125 0.471505376344086 0.03515625 0.026881720430107527
1 0.674560546875 0.44946236559139785 0.03369140625 0.026881720430107527
1 0.7862548828125 0.4736559139784946 0.017822265625 0.01827956989247312
1 0.2596435546875 0.4252688172043011 0.018310546875 0.016129032258064516
1 0.3642578125 0.4228494623655914 0.02734375 0.023118279569892472
3 0.515380859375 0.4182795698924731 0.00927734375 0.01827956989247312
3 0.679443359375 0.4295698924731183 0.00927734375 0.012903225806451613
3 0.7894287109375 0.4591397849462366 0.004150390625 0.012903225806451613
3 0.256103515625 0.40940860215053765 0.0029296875 0.01021505376344086
3 0.3614501953125 0.40241935483870966 0.006103515625 0.012365591397849462
0 0.2281494140625 0.40618279569892474 0.086181640625 0.15645161290322582
0 0.1048583984375 0.4481182795698925 0.051025390625 0.06612903225806452
0 0.8209228515625 0.45268817204301076 0.105712890625 0.2
0 0.88037109375 0.49032258064516127 0.0302734375 0.11935483870967742
0 0.8875732421875 0.47956989247311826 0.057861328125 0.12473118279569892
0 0.9017333984375 0.478494623655914 0.056396484375 0.12150537634408602
0 0.7545166015625 0.3263440860215054 0.039306640625 0.06559139784946237
0 0.727783203125 0.3096774193548387 0.0478515625 0.06451612903225806
0 0.6939697265625 0.2924731182795699 0.042724609375 0.06559139784946237
0 0.657470703125 0.29758064516129035 0.099609375 0.08655913978494624
0 0.608154296875 0.2639784946236559 0.0400390625 0.060215053763440864
0 0.568603515625 0.25887096774193546 0.04052734375 0.08763440860215053
0 0.516845703125 0.23736559139784946 0.0419921875 0.0467741935483871
0 0.466552734375 0.25 0.04541015625 0.08172043010752689
0 0.4237060546875 0.25053763440860216 0.046630859375 0.060215053763440864
0 0.386962890625 0.2577956989247312 0.04736328125 0.07365591397849462
0 0.3485107421875 0.27231182795698927 0.042724609375 0.06397849462365592
0 0.314697265625 0.28091397849462363 0.0458984375 0.05860215053763441
0 0.2869873046875 0.2946236559139785 0.042724609375 0.06666666666666667
0 0.263671875 0.3016129032258065 0.04345703125 0.060215053763440864
0 0.2308349609375 0.3231182795698925 0.042236328125 0.06774193548387097
0 0.1943359375 0.34623655913978496 0.029296875 0.05268817204301075
0 0.18017578125 0.3551075268817204 0.037109375 0.06397849462365592
1 0.1951904296875 0.442741935483871 0.007568359375 0.01129032258064516
3 0.19287109375 0.43172043010752686 0.001953125 0.005376344086021506
3 0.8677978515625 0.49489247311827955 0.003662109375 0.00913978494623656
3 0.8922119140625 0.5051075268817204 0.002197265625 0.005913978494623656
1 0.863525390625 0.5075268817204301 0.00927734375 0.010752688172043012
1 0.888916015625 0.513978494623656 0.00732421875 0.010752688172043012
1 0.91015625 0.5177419354838709 0.0048828125 0.007526881720430108
1 0.769287109375 0.3548387096774194 0.00634765625 0.0064516129032258064
3 0.769775390625 0.3486559139784946 0.001953125 0.004838709677419355
3 0.74365234375 0.33521505376344085 0.0029296875 0.003763440860215054
3 0.7056884765625 0.31290322580645163 0.002685546875 0.004301075268817204
3 0.57275390625 0.2685483870967742 0.00341796875 0.005913978494623656
1 0.572021484375 0.28091397849462363 0.0126953125 0.008064516129032258
1 0.460693359375 0.260752688172043 0.0087890625 0.005376344086021506
1 0.375 0.27956989247311825 0.00634765625 0.008602150537634409
1 0.3345947265625 0.29354838709677417 0.009033203125 0.007526881720430108
1 0.299072265625 0.30672043010752686 0.00732421875 0.005913978494623656
1 0.270751953125 0.31747311827956987 0.0068359375 0.006989247311827957
1 0.2479248046875 0.32526881720430106 0.004638671875 0.005376344086021506
3 0.4600830078125 0.2545698924731183 0.002685546875 0.004838709677419355
3 0.4132080078125 0.2669354838709677 0.002685546875 0.004838709677419355
3 0.3740234375 0.26505376344086023 0.00390625 0.004301075268817204
3 0.334716796875 0.2862903225806452 0.00244140625 0.003763440860215054
3 0.247314453125 0.31827956989247314 0.00146484375 0.0032258064516129032
3 0.270751953125 0.3118279569892473 0.001953125 0.004301075268817204
3 0.2987060546875 0.3002688172043011 0.002685546875 0.004838709677419355
