0 0.33026315789473687 0.3205409356725146 0.2657894736842105 0.6410818713450293
0 0.774671052631579 0.33845029239766083 0.2355263157894737 0.4824561403508772
0 0.15476973684210527 0.39510233918128657 0.12467105263157895 0.4466374269005848
0 0.2287828947368421 0.0935672514619883 0.03190789473684211 0.097953216374269
0 0.27516447368421054 0.05555555555555555 0.05625 0.08625730994152046
0 0.6641447368421053 0.03399122807017544 0.06447368421052632 0.06798245614035088
0 0.7152960526315789 0.0577485380116959 0.03980263157894737 0.0935672514619883
0 0.7542763157894737 0.08406432748538012 0.04144736842105263 0.0847953216374269
1 0.27828947368421053 0.5303362573099415 0.06710526315789474 0.046052631578947366
3 0.25707236842105263 0.48428362573099415 0.015460526315789473 0.035818713450292396
0 0.08075657894736842 0.4510233918128655 0.058223684210526316 0.23391812865497075
0 0.05789473684210526 0.4780701754385965 0.038157894736842106 0.15058479532163743
0 0.12911184210526316 0.2708333333333333 0.03585526315789474 0.09429824561403509
0 0.11447368421052631 0.2858187134502924 0.02631578947368421 0.09502923976608187
0 0.10296052631578947 0.31067251461988304 0.014473684210526316 0.06286549707602339
0 0.08717105263157894 0.34247076023391815 0.013157894736842105 0.0445906432748538
0 0.17220394736842104 0.21271929824561403 0.05625 0.09649122807017543
0 0.7855263157894737 0.13230994152046785 0.039473684210526314 0.09210526315789473
0 0.8087171052631579 0.15570175438596492 0.040460526315789475 0.10087719298245613
0 0.9008223684210527 0.42543859649122806 0.07138157894736842 0.24269005847953215
0 0.928125 0.4415204678362573 0.05098684210526316 0.19298245614035087
