0 0.7805921052631579 0.48501461988304095 0.24078947368421053 0.37792397660818716
0 0.35542763157894736 0.5116959064327485 0.2588815789473684 0.5847953216374269
0 0.15921052631578947 0.5391081871345029 0.1506578947368421 0.2595029239766082
1 0.31759868421052634 0.6396198830409356 0.06546052631578947 0.04824561403508772
1 0.8720394736842105 0.6144005847953217 0.017763157894736842 0.02850877192982456
3 0.30213815789473686 0.5767543859649122 0.020723684210526314 0.039473684210526314
3 0.8914473684210527 0.5255847953216374 0.007236842105263158 0.019005847953216373
0 0.8774671052631579 0.43640350877192985 0.13256578947368422 0.25292397660818716
0 0.9228618421052631 0.44261695906432746 0.08453947368421053 0.19517543859649122
0 0.8842105263157894 0.3369883040935672 0.020394736842105264 0.024853801169590642
0 0.8332236842105263 0.2978801169590643 0.03289473684210526 0.035818713450292396
0 0.8976973684210526 0.3442982456140351 0.01381578947368421 0.024853801169590642
0 0.703453947368421 0.2569444444444444 0.09440789473684211 0.10307017543859649
0 0.7560855263157895 0.260233918128655 0.040460526315789475 0.07163742690058479
0 0.7210526315789474 0.24232456140350878 0.0625 0.08260233918128655
0 0.6679276315789474 0.22076023391812866 0.048355263157894735 0.05555555555555555
0 0.6299342105263158 0.23026315789473684 0.057236842105263155 0.08333333333333333
0 0.578125 0.22624269005847952 0.06085526315789474 0.09283625730994152
0 0.5197368421052632 0.23501461988304093 0.053289473684210525 0.08991228070175439
0 0.4588815789473684 0.23026315789473684 0.04407894736842105 0.07602339181286549
0 0.265625 0.32748538011695905 0.047697368421052634 0.07748538011695906
0 0.23404605263157896 0.3516081871345029 0.05361842105263158 0.10087719298245613
0 0.20444078947368421 0.37609649122807015 0.03388157894736842 0.08260233918128655
0 0.1856907894736842 0.3925438596491228 0.03256578947368421 0.07456140350877193
0 0.07911184210526316 0.5804093567251462 0.07269736842105264 0.18421052631578946
0 0.49851973684210527 0.19371345029239767 0.019407894736842107 0.038011695906432746
0 0.47384868421052634 0.19736842105263158 0.01875 0.03216374269005848
0 0.4254934210526316 0.21235380116959066 0.024671052631578948 0.02412280701754386
0 0.36891447368421054 0.23062865497076024 0.022039473684210525 0.029970760233918127
0 0.5955592105263158 0.1915204678362573 0.03585526315789474 0.03654970760233918
0 0.6960526315789474 0.19919590643274854 0.038157894736842106 0.021198830409356724
