0 0.7661184210526316 0.4583333333333333 0.23092105263157894 0.36257309941520466
0 0.1511513157894737 0.5573830409356725 0.1944078947368421 0.2814327485380117
0 0.8833881578947368 0.4554093567251462 0.11611842105263158 0.2675438596491228
0 0.05493421052631579 0.5657894736842105 0.06184210526315789 0.10087719298245613
0 0.7595394736842105 0.2605994152046784 0.05263157894736842 0.07236842105263158
0 0.7236842105263158 0.24342105263157895 0.05460526315789474 0.07309941520467836
0 0.6817434210526315 0.2364766081871345 0.05493421052631579 0.08845029239766082
0 0.6325657894736842 0.2233187134502924 0.0625 0.10160818713450293
0 0.5809210526315789 0.2309941520467836 0.05855263157894737 0.09210526315789473
0 0.5210526315789473 0.2324561403508772 0.045394736842105265 0.0891812865497076
0 0.45592105263157895 0.24232456140350878 0.0506578947368421 0.10891812865497076
0 0.3975328947368421 0.2569444444444444 0.06611842105263158 0.12353801169590643
0 0.34111842105263157 0.2905701754385965 0.046052631578947366 0.09868421052631579
0 0.3004934210526316 0.30701754385964913 0.06019736842105263 0.10526315789473684
0 0.25855263157894737 0.3366228070175439 0.04671052631578947 0.09283625730994152
0 0.23075657894736842 0.3516081871345029 0.048355263157894735 0.0804093567251462
0 0.18207236842105262 0.4100877192982456 0.07664473684210527 0.04824561403508772
