0 0.8222039473684211 0.37609649122807015 0.18717105263157896 0.31359649122807015
0 0.37779605263157895 0.38048245614035087 0.2292763157894737 0.5562865497076024
0 0.13717105263157894 0.41885964912280704 0.10657894736842105 0.23538011695906433
0 0.6842105263157895 0.13230994152046785 0.05197368421052632 0.09941520467836257
0 0.6286184210526315 0.10599415204678363 0.06447368421052632 0.09941520467836257
0 0.5643092105263158 0.08881578947368421 0.05361842105263158 0.09429824561403509
0 0.4901315789473684 0.08187134502923976 0.053289473684210525 0.09064327485380116
0 0.42532894736842103 0.07748538011695906 0.07171052631578947 0.08333333333333333
0 0.37006578947368424 0.10526315789473684 0.0625 0.09941520467836257
0 0.32171052631578945 0.13633040935672514 0.05394736842105263 0.09429824561403509
0 0.2810855263157895 0.1615497076023392 0.05625 0.09941520467836257
0 0.2430921052631579 0.1834795321637427 0.03881578947368421 0.08771929824561403
0 0.20888157894736842 0.23062865497076024 0.029605263157894735 0.07383040935672515
0 0.09851973684210526 0.43603801169590645 0.06546052631578947 0.2097953216374269
0 0.07039473684210526 0.4649122807017544 0.04013157894736842 0.13157894736842105
0 0.10608552631578948 0.36293859649122806 0.03125 0.06505847953216375
0 0.19144736842105264 0.24378654970760233 0.035526315789473684 0.09283625730994152
0 0.1723684210526316 0.26608187134502925 0.023026315789473683 0.07163742690058479
0 0.1613486842105263 0.27850877192982454 0.023355263157894737 0.06286549707602339
0 0.15378289473684212 0.28654970760233917 0.029276315789473685 0.07309941520467836
1 0.32220394736842106 0.6169590643274854 0.059539473684210524 0.04093567251461988
3 0.31726973684210524 0.5211988304093568 0.03388157894736842 0.027777777777777776
0 0.7634868421052632 0.17105263157894737 0.0506578947368421 0.07309941520467836
