0 0.74755859375 0.42258064516129035 0.1357421875 0.23118279569892472
0 0.6431884765625 0.4112903225806452 0.140869140625 0.24516129032258063
0 0.5167236328125 0.3922043010752688 0.115966796875 0.2779569892473118
0 0.3902587890625 0.3924731182795699 0.125244140625 0.23225806451612904
0 0.2962646484375 0.3978494623655914 0.114990234375 0.19032258064516128
1 0.2596435546875 0.425 0.018310546875 0.016666666666666666
1 0.3643798828125 0.42338709677419356 0.027587890625 0.020967741935483872
1 0.5147705078125 0.47096774193548385 0.035400390625 0.026881720430107527
1 0.674560546875 0.4497311827956989 0.03369140625 0.026344086021505377
1 0.789794921875 0.4836021505376344 0.01953125 0.020967741935483872
3 0.25634765625 0.40940860215053765 0.0029296875 0.01021505376344086
3 0.3614501953125 0.403494623655914 0.006103515625 0.013440860215053764
3 0.515625 0.4182795698924731 0.009765625 0.01935483870967742
3 0.6795654296875 0.4295698924731183 0.009521484375 0.012903225806451613
3 0.7955322265625 0.4615591397849462 0.004150390625 0.01021505376344086
0 0.2293701171875 0.40483870967741936 0.087158203125 0.15698924731182795
0 0.0992431640625 0.45483870967741935 0.044677734375 0.06129032258064516
0 0.8255615234375 0.4529569892473118 0.095458984375 0.20161290322580644
0 0.8660888671875 0.46881720430107526 0.048583984375 0.13978494623655913
0 0.8984375 0.47795698924731184 0.0625 0.12150537634408602
0 0.65380859375 0.28091397849462363 0.05126953125 0.08225806451612903
0 0.610595703125 0.26344086021505375 0.04541015625 0.06236559139784946
0 0.56884765625 0.2575268817204301 0.03955078125 0.08279569892473118
0 0.51611328125 0.23763440860215054 0.0419921875 0.043010752688172046
0 0.4669189453125 0.2478494623655914 0.045166015625 0.07526881720430108
0 0.4254150390625 0.2532258064516129 0.042724609375 0.06236559139784946
0 0.38671875 0.2586021505376344 0.0478515625 0.07096774193548387
0 0.3475341796875 0.27043010752688174 0.042724609375 0.06451612903225806
0 0.314208984375 0.28091397849462363 0.044921875 0.05860215053763441
0 0.2869873046875 0.2948924731182796 0.041748046875 0.06612903225806452
0 0.2640380859375 0.3002688172043011 0.043212890625 0.06182795698924731
0 0.230224609375 0.3233870967741935 0.041015625 0.06612903225806452
0 0.20751953125 0.33844086021505376 0.03125 0.057526881720430106
0 0.1939697265625 0.3456989247311828 0.029052734375 0.054838709677419356
1 0.19677734375 0.443010752688172 0.01025390625 0.012903225806451613
3 0.1929931640625 0.43172043010752686 0.002197265625 0.0064516129032258064
3 0.8677978515625 0.49489247311827955 0.003173828125 0.008064516129032258
3 0.8865966796875 0.4884408602150538 0.002197265625 0.006989247311827957
1 0.86328125 0.5080645161290323 0.00927734375 0.010752688172043012
1 0.87890625 0.5255376344086021 0.0068359375 0.01021505376344086
1 0.9127197265625 0.5209677419354839 0.004638671875 0.008602150537634409
1 0.5718994140625 0.28118279569892474 0.011962890625 0.008602150537634409
1 0.6197509765625 0.2884408602150538 0.010986328125 0.005913978494623656
1 0.667236328125 0.3064516129032258 0.0078125 0.008602150537634409
3 0.5726318359375 0.2685483870967742 0.003662109375 0.008064516129032258
3 0.619873046875 0.2814516129032258 0.0029296875 0.003763440860215054
3 0.415771484375 0.2669354838709677 0.00244140625 0.005913978494623656
3 0.4599609375 0.25349462365591396 0.00244140625 0.005913978494623656
1 0.4605712890625 0.2615591397849462 0.008544921875 0.006989247311827957
1 0.4156494140625 0.275 0.010498046875 0.004838709677419355
1 0.374755859375 0.27903225806451615 0.00634765625 0.00967741935483871
1 0.334716796875 0.29301075268817206 0.0087890625 0.007526881720430108
1 0.299072265625 0.306989247311828 0.0068359375 0.007526881720430108
1 0.2705078125 0.318010752688172 0.0068359375 0.006989247311827957
1 0.2479248046875 0.3258064516129032 0.004150390625 0.005376344086021506
3 0.3348388671875 0.2860215053763441 0.002685546875 0.005376344086021506
3 0.2984619140625 0.2994623655913978 0.001708984375 0.005376344086021506
3 0.2706298828125 0.3110215053763441 0.001708984375 0.004838709677419355
3 0.24755859375 0.31908602150537635 0.001953125 0.004838709677419355
1 0.21337890625 0.34946236559139787 0.00244140625 0.005376344086021506
