0 0.5379638671875 0.4454301075268817 0.210205078125 0.4736559139784946
0 0.309814453125 0.478494623655914 0.24755859375 0.5698924731182796
0 0.726318359375 0.4293010752688172 0.23046875 0.39623655913978495
0 0.183837890625 0.46639784946236557 0.181640625 0.4188172043010753
1 0.8165283203125 0.5188172043010753 0.025146484375 0.03225806451612903
1 0.5484619140625 0.5639784946236559 0.075439453125 0.03763440860215054
1 0.2421875 0.6263440860215054 0.03076171875 0.04408602150537634
3 0.8223876953125 0.4991935483870968 0.022216796875 0.00913978494623656
3 0.550537109375 0.5303763440860215 0.01611328125 0.037096774193548385
3 0.2281494140625 0.5763440860215053 0.008544921875 0.01827956989247312
0 0.8555908203125 0.46908602150537637 0.113037109375 0.2908602150537634
0 0.8919677734375 0.4583333333333333 0.097900390625 0.21559139784946235
0 0.823974609375 0.2938172043010753 0.033203125 0.07795698924731183
0 0.8436279296875 0.306989247311828 0.040771484375 0.08387096774193549
0 0.803955078125 0.27553763440860213 0.03271484375 0.07688172043010753
0 0.77490234375 0.2510752688172043 0.048828125 0.08924731182795699
0 0.7470703125 0.23548387096774193 0.0439453125 0.08709677419354839
0 0.712890625 0.21021505376344085 0.052734375 0.09032258064516129
0 0.6707763671875 0.18978494623655914 0.057373046875 0.09247311827956989
0 0.62109375 0.1771505376344086 0.0625 0.10161290322580645
0 0.5675048828125 0.1685483870967742 0.049072265625 0.08118279569892473
0 0.5062255859375 0.15994623655913978 0.055908203125 0.09731182795698924
0 0.44873046875 0.16989247311827957 0.05078125 0.08279569892473118
0 0.305908203125 0.21908602150537634 0.04931640625 0.07365591397849462
1 0.8990478515625 0.5521505376344086 0.012451171875 0.015053763440860216
1 0.7923583984375 0.28225806451612906 0.006103515625 0.007526881720430108
1 0.8160400390625 0.3045698924731183 0.004150390625 0.005913978494623656
1 0.760986328125 0.26344086021505375 0.00830078125 0.008602150537634409
1 0.727294921875 0.24059139784946237 0.0078125 0.006989247311827957
1 0.6854248046875 0.22258064516129034 0.009033203125 0.00967741935483871
1 0.63427734375 0.19865591397849464 0.01318359375 0.01021505376344086
1 0.573486328125 0.19408602150537635 0.01025390625 0.007526881720430108
1 0.5059814453125 0.18521505376344086 0.014404296875 0.00913978494623656
1 0.4425048828125 0.1956989247311828 0.011962890625 0.00967741935483871
3 0.4420166015625 0.18494623655913978 0.002685546875 0.005376344086021506
3 0.50537109375 0.1577956989247312 0.00244140625 0.002688172043010753
3 0.57373046875 0.18413978494623656 0.00244140625 0.005913978494623656
3 0.63525390625 0.1836021505376344 0.00390625 0.00913978494623656
3 0.6859130859375 0.2053763440860215 0.003173828125 0.0064516129032258064
