0 0.3017578125 0.47419354838709676 0.2177734375 0.43655913978494626
0 0.497802734375 0.22258064516129034 0.07421875 0.15483870967741936
0 0.174072265625 0.48951612903225805 0.14892578125 0.31451612903225806
0 0.331787109375 0.21370967741935484 0.0546875 0.08655913978494624
0 0.3779296875 0.1975806451612903 0.05322265625 0.08333333333333333
0 0.4298095703125 0.1836021505376344 0.050537109375 0.09731182795698924
0 0.5460205078125 0.1825268817204301 0.042724609375 0.08548387096774193
0 0.5955810546875 0.18521505376344086 0.052001953125 0.08440860215053764
0 0.6427001953125 0.20188172043010752 0.051513671875 0.08655913978494624
0 0.6907958984375 0.2239247311827957 0.053955078125 0.08548387096774193
0 0.7288818359375 0.24327956989247312 0.047119140625 0.08655913978494624
0 0.753662109375 0.2543010752688172 0.06005859375 0.110752688172043
0 0.7861328125 0.2801075268817204 0.02197265625 0.06666666666666667
0 0.8040771484375 0.29301075268817206 0.032958984375 0.08172043010752689
0 0.82080078125 0.3094086021505376 0.0283203125 0.07365591397849462
0 0.836669921875 0.3239247311827957 0.0244140625 0.06397849462365592
0 0.868408203125 0.37338709677419357 0.03515625 0.06075268817204301
0 0.861083984375 0.3327956989247312 0.0185546875 0.03655913978494624
1 0.2303466796875 0.575 0.040771484375 0.037096774193548385
1 0.4962158203125 0.2161290322580645 0.018798828125 0.012903225806451613
1 0.6597900390625 0.23118279569892472 0.009033203125 0.011827956989247311
1 0.6065673828125 0.2075268817204301 0.008544921875 0.007526881720430108
1 0.5491943359375 0.20456989247311827 0.008056640625 0.01021505376344086
1 0.423828125 0.20456989247311827 0.013671875 0.01021505376344086
1 0.365234375 0.22419354838709676 0.0107421875 0.007526881720430108
1 0.7083740234375 0.23198924731182796 0.008056640625 0.013440860215053764
1 0.7435302734375 0.27231182795698927 0.006591796875 0.01129032258064516
3 0.2215576171875 0.5459677419354839 0.010009765625 0.02204301075268817
3 0.4974365234375 0.2010752688172043 0.005126953125 0.008602150537634409
3 0.3148193359375 0.23279569892473118 0.003662109375 0.0064516129032258064
3 0.364501953125 0.21344086021505376 0.00439453125 0.0064516129032258064
3 0.4237060546875 0.18763440860215053 0.004638671875 0.007526881720430108
3 0.6610107421875 0.21693548387096775 0.005126953125 0.006989247311827957
3 0.74462890625 0.26344086021505375 0.00244140625 0.007526881720430108
0 0.1236572265625 0.4801075268817204 0.071044921875 0.1924731182795699
0 0.9112548828125 0.4174731182795699 0.022216796875 0.044623655913978495
0 0.8819580078125 0.36774193548387096 0.026123046875 0.05806451612903226
