0 0.7689144736842105 0.3786549707602339 0.2332236842105263 0.40789473684210525
0 0.5815789473684211 0.20285087719298245 0.15197368421052632 0.27266081871345027
0 0.30641447368421054 0.44956140350877194 0.3088815789473684 0.6915204678362573
0 0.4457236842105263 0.051900584795321635 0.053289473684210525 0.0935672514619883
0 0.5162828947368421 0.05555555555555555 0.05296052631578947 0.08625730994152046
0 0.13898026315789475 0.41849415204678364 0.07072368421052631 0.4100877192982456
1 0.2523026315789474 0.7039473684210527 0.07105263157894737 0.06725146198830409
1 0.6 0.24671052631578946 0.04473684210526316 0.029970760233918127
3 0.20789473684210527 0.6027046783625731 0.021052631578947368 0.03289473684210526
3 0.6041118421052631 0.20833333333333334 0.012828947368421053 0.013157894736842105
0 0.7391447368421052 0.14181286549707603 0.04671052631578947 0.0891812865497076
0 0.6995065789473685 0.11330409356725146 0.059539473684210524 0.09941520467836257
0 0.6453947368421052 0.07894736842105263 0.06710526315789474 0.1023391812865497
0 0.5840460526315789 0.04824561403508772 0.07467105263157894 0.0891812865497076
0 0.38141447368421055 0.05847953216374269 0.058881578947368424 0.06432748538011696
0 0.4106907894736842 0.03654970760233918 0.03256578947368421 0.04824561403508772
0 0.3279605263157895 0.06871345029239766 0.057236842105263155 0.05701754385964912
0 0.34029605263157897 0.125 0.14638157894736842 0.10380116959064327
0 0.2735197368421053 0.1425438596491228 0.05361842105263158 0.1023391812865497
0 0.2394736842105263 0.16703216374269006 0.04671052631578947 0.10014619883040936
0 0.20394736842105263 0.2054093567251462 0.04342105263157895 0.09941520467836257
0 0.17582236842105264 0.23062865497076024 0.03914473684210526 0.07967836257309942
0 0.15707236842105263 0.24853801169590642 0.027960526315789474 0.05116959064327485
0 0.1118421052631579 0.4375 0.09473684210526316 0.27850877192982454
0 0.11430921052631579 0.38340643274853803 0.13519736842105262 0.2448830409356725
0 0.05476973684210526 0.48866959064327486 0.027960526315789474 0.10160818713450293
0 0.04013157894736842 0.4857456140350877 0.026973684210526316 0.1118421052631579
