0 0.635009765625 0.43091397849462365 0.26123046875 0.4962365591397849
0 0.35302734375 0.4013440860215054 0.2197265625 0.5112903225806451
0 0.2056884765625 0.4645161290322581 0.136474609375 0.3193548387096774
0 0.7955322265625 0.4513440860215054 0.162353515625 0.3317204301075269
1 0.855224609375 0.5373655913978495 0.02099609375 0.02204301075268817
1 0.681640625 0.4163978494623656 0.08447265625 0.056451612903225805
1 0.3023681640625 0.5467741935483871 0.051513671875 0.03655913978494624
3 0.684326171875 0.35376344086021505 0.01318359375 0.03225806451612903
3 0.29052734375 0.4986559139784946 0.00830078125 0.025268817204301075
3 0.86279296875 0.5177419354838709 0.00341796875 0.008602150537634409
0 0.13916015625 0.48198924731182796 0.111328125 0.239247311827957
0 0.866943359375 0.442741935483871 0.0966796875 0.20913978494623656
0 0.953857421875 0.4674731182795699 0.05908203125 0.09516129032258064
0 0.8564453125 0.3188172043010753 0.0517578125 0.047311827956989246
0 0.7989501953125 0.26666666666666666 0.057373046875 0.110752688172043
0 0.7786865234375 0.2591397849462366 0.046142578125 0.08924731182795699
0 0.745849609375 0.23521505376344087 0.04443359375 0.08548387096774193
0 0.714111328125 0.21774193548387097 0.05322265625 0.09462365591397849
0 0.66943359375 0.19623655913978494 0.0576171875 0.09462365591397849
0 0.6199951171875 0.1696236559139785 0.049072265625 0.06290322580645161
0 0.57177734375 0.15618279569892474 0.05029296875 0.05967741935483871
0 0.5068359375 0.1631720430107527 0.04931640625 0.09193548387096774
0 0.4493408203125 0.17258064516129032 0.049560546875 0.08709677419354839
0 0.2628173828125 0.2524193548387097 0.043701171875 0.09408602150537634
0 0.2362060546875 0.2771505376344086 0.039794921875 0.08655913978494624
0 0.216552734375 0.2900537634408602 0.0458984375 0.09516129032258064
0 0.1903076171875 0.3118279569892473 0.032470703125 0.08172043010752689
0 0.1724853515625 0.3209677419354839 0.033935546875 0.0935483870967742
1 0.16015625 0.546505376344086 0.01611328125 0.02204301075268817
1 0.091064453125 0.5526881720430108 0.00634765625 0.012903225806451613
3 0.1529541015625 0.5290322580645161 0.003662109375 0.00967741935483871
3 0.84375 0.3172043010752688 0.001953125 0.005376344086021506
3 0.7960205078125 0.2862903225806452 0.002197265625 0.008064516129032258
1 0.794677734375 0.2946236559139785 0.00439453125 0.007526881720430108
1 0.8421630859375 0.32983870967741935 0.008544921875 0.014516129032258065
1 0.822021484375 0.31048387096774194 0.00390625 0.008064516129032258
1 0.6861572265625 0.225 0.011474609375 0.012365591397849462
1 0.7310791015625 0.24865591397849462 0.005615234375 0.008064516129032258
1 0.7601318359375 0.2639784946236559 0.005126953125 0.0064516129032258064
3 0.7611083984375 0.2564516129032258 0.002197265625 0.005376344086021506
3 0.732177734375 0.2403225806451613 0.0029296875 0.0064516129032258064
3 0.577880859375 0.18037634408602152 0.00439453125 0.005913978494623656
3 0.6871337890625 0.21129032258064517 0.003173828125 0.0064516129032258064
3 0.5072021484375 0.16989247311827957 0.003173828125 0.008602150537634409
3 0.442138671875 0.18467741935483872 0.00244140625 0.004838709677419355
1 0.4422607421875 0.19462365591397848 0.012451171875 0.008602150537634409
1 0.5078125 0.1836021505376344 0.01171875 0.00913978494623656
1 0.250244140625 0.28440860215053765 0.00830078125 0.008602150537634409
1 0.2230224609375 0.3086021505376344 0.004150390625 0.007526881720430108
1 0.1988525390625 0.3255376344086022 0.005615234375 0.006989247311827957
3 0.2218017578125 0.3010752688172043 0.002685546875 0.005376344086021506
3 0.2493896484375 0.27553763440860213 0.002197265625 0.004838709677419355
1 0.1787109375 0.3403225806451613 0.00390625 0.0064516129032258064
