0 0.361328125 0.48655913978494625 0.25439453125 0.5559139784946237
0 0.2178955078125 0.4669354838709677 0.174560546875 0.3650537634408602
0 0.6939697265625 0.5118279569892473 0.332275390625 0.5612903225806452
1 0.3082275390625 0.625268817204301 0.051513671875 0.05591397849462366
1 0.78564453125 0.3631720430107527 0.0654296875 0.07043010752688172
3 0.294921875 0.5666666666666667 0.0146484375 0.02903225806451613
3 0.7803955078125 0.30376344086021506 0.017822265625 0.02903225806451613
0 0.1201171875 0.510752688172043 0.07861328125 0.24946236559139784
0 0.11328125 0.48118279569892475 0.0830078125 0.1827956989247312
0 0.0784912109375 0.5010752688172043 0.034912109375 0.13118279569892474
0 0.8568115234375 0.4586021505376344 0.074462890625 0.23118279569892472
0 0.8985595703125 0.49516129032258066 0.043701171875 0.16774193548387098
0 0.9068603515625 0.4860215053763441 0.070068359375 0.16666666666666666
0 0.68310546875 0.2239247311827957 0.056640625 0.07473118279569893
0 0.6324462890625 0.21021505376344085 0.056396484375 0.08602150537634409
0 0.5826416015625 0.19489247311827956 0.047607421875 0.07473118279569893
0 0.524658203125 0.1868279569892473 0.04931640625 0.09086021505376345
0 0.46337890625 0.18978494623655914 0.04541015625 0.08064516129032258
0 0.4134521484375 0.18440860215053764 0.057861328125 0.07311827956989247
0 0.3609619140625 0.20376344086021506 0.062744140625 0.08924731182795699
0 0.3165283203125 0.22983870967741934 0.056396484375 0.09408602150537634
0 0.278076171875 0.25053763440860216 0.0498046875 0.08494623655913978
0 0.2474365234375 0.2663978494623656 0.046630859375 0.08225806451612903
0 0.210693359375 0.2793010752688172 0.04052734375 0.05
1 0.166259765625 0.5747311827956989 0.01953125 0.02258064516129032
3 0.155517578125 0.5413978494623656 0.005859375 0.015053763440860216
1 0.796875 0.5736559139784946 0.0146484375 0.02258064516129032
1 0.8702392578125 0.5612903225806452 0.012451171875 0.016129032258064516
3 0.8099365234375 0.5029569892473118 0.005126953125 0.015591397849462365
3 0.88525390625 0.5037634408602151 0.00341796875 0.010752688172043012
3 0.229736328125 0.2913978494623656 0.00146484375 0.005376344086021506
3 0.26171875 0.27231182795698927 0.0029296875 0.005913978494623656
3 0.29931640625 0.25026881720430105 0.0029296875 0.003763440860215054
1 0.2305908203125 0.3018817204301075 0.006591796875 0.00913978494623656
1 0.262451171875 0.27983870967741936 0.00830078125 0.008064516129032258
1 0.2996826171875 0.26021505376344084 0.010498046875 0.008602150537634409
1 0.344970703125 0.2346774193548387 0.01171875 0.00913978494623656
3 0.343505859375 0.2217741935483871 0.00439453125 0.006989247311827957
3 0.461181640625 0.20295698924731181 0.00439453125 0.006989247311827957
3 0.52880859375 0.19865591397849464 0.00341796875 0.005913978494623656
1 0.4615478515625 0.21451612903225806 0.009521484375 0.010752688172043012
1 0.5289306640625 0.20940860215053764 0.014404296875 0.01021505376344086
1 0.5909423828125 0.21881720430107526 0.010986328125 0.008602150537634409
1 0.64501953125 0.2346774193548387 0.0126953125 0.01129032258064516
3 0.6461181640625 0.22419354838709676 0.004150390625 0.0064516129032258064
