0 0.4794921875 0.49435483870967745 0.189453125 0.5177419354838709
0 0.71728515625 0.46182795698924733 0.3017578125 0.47419354838709676
0 0.2847900390625 0.49193548387096775 0.227294921875 0.432258064516129
0 0.167724609375 0.5032258064516129 0.13134765625 0.3043010752688172
0 0.119140625 0.4935483870967742 0.07373046875 0.2064516129032258
0 0.3311767578125 0.21693548387096775 0.047607421875 0.08763440860215053
0 0.375244140625 0.20053763440860214 0.05517578125 0.08817204301075268
0 0.428466796875 0.18440860215053764 0.05029296875 0.09247311827956989
0 0.51220703125 0.20161290322580644 0.11767578125 0.11397849462365592
0 0.5469970703125 0.16801075268817203 0.044189453125 0.06075268817204301
0 0.5966796875 0.18844086021505377 0.05908203125 0.07903225806451612
0 0.6441650390625 0.1978494623655914 0.056396484375 0.07634408602150537
0 0.6881103515625 0.22123655913978493 0.054443359375 0.08440860215053764
0 0.7264404296875 0.23655913978494625 0.052001953125 0.08064516129032258
0 0.7532958984375 0.24704301075268817 0.042236328125 0.06827956989247312
1 0.478759765625 0.6115591397849462 0.087890625 0.05
1 0.20947265625 0.6126344086021506 0.03564453125 0.03387096774193549
1 0.830810546875 0.34919354838709676 0.02490234375 0.031720430107526884
1 0.096435546875 0.5776881720430107 0.0087890625 0.016666666666666666
1 0.3187255859375 0.24381720430107526 0.007080078125 0.00913978494623656
1 0.421630859375 0.20833333333333334 0.01416015625 0.01129032258064516
1 0.6103515625 0.2161290322580645 0.009765625 0.007526881720430108
1 0.660400390625 0.22768817204301076 0.0068359375 0.006989247311827957
1 0.705322265625 0.2489247311827957 0.00927734375 0.00967741935483871
1 0.7454833984375 0.2725806451612903 0.006103515625 0.0064516129032258064
3 0.4810791015625 0.5790322580645161 0.011962890625 0.026881720430107527
3 0.20361328125 0.5943548387096774 0.0341796875 0.016666666666666666
3 0.822509765625 0.3061827956989247 0.009765625 0.01989247311827957
3 0.1112060546875 0.5758064516129032 0.004150390625 0.011827956989247311
3 0.660888671875 0.21881720430107526 0.00341796875 0.005376344086021506
3 0.6112060546875 0.20510752688172043 0.003662109375 0.006989247311827957
3 0.7457275390625 0.26344086021505375 0.001708984375 0.0064516129032258064
3 0.7677001953125 0.27419354838709675 0.002197265625 0.004301075268817204
3 0.4208984375 0.19596774193548386 0.00439453125 0.006989247311827957
