0 0.345458984375 0.4053763440860215 0.1484375 0.2806451612903226
0 0.4859619140625 0.410752688172043 0.118896484375 0.25806451612903225
0 0.6082763671875 0.39838709677419354 0.126220703125 0.21935483870967742
0 0.71044921875 0.4174731182795699 0.1064453125 0.19946236559139785
1 0.7396240234375 0.48655913978494625 0.017822265625 0.016129032258064516
1 0.63818359375 0.4271505376344086 0.02880859375 0.020967741935483872
1 0.4896240234375 0.45645161290322583 0.015380859375 0.02903225806451613
1 0.3157958984375 0.46048387096774196 0.023193359375 0.032795698924731186
3 0.746826171875 0.4327956989247312 0.0048828125 0.010752688172043012
3 0.6407470703125 0.4110215053763441 0.006103515625 0.01129032258064516
3 0.48974609375 0.42768817204301074 0.009765625 0.015591397849462365
3 0.3115234375 0.4274193548387097 0.0087890625 0.016129032258064516
0 0.035888671875 0.5077956989247312 0.0361328125 0.06827956989247312
0 0.0726318359375 0.48736559139784946 0.050048828125 0.06075268817204301
0 0.77001953125 0.4120967741935484 0.10400390625 0.17043010752688173
0 0.8197021484375 0.43548387096774194 0.037353515625 0.12150537634408602
0 0.7789306640625 0.3395161290322581 0.041748046875 0.056451612903225805
0 0.745361328125 0.3204301075268817 0.04248046875 0.046236559139784944
0 0.7030029296875 0.30053763440860215 0.049560546875 0.06451612903225806
0 0.6778564453125 0.2954301075268817 0.051513671875 0.056451612903225805
0 0.641357421875 0.28951612903225804 0.05126953125 0.07150537634408602
0 0.6031494140625 0.2709677419354839 0.045166015625 0.05268817204301075
0 0.5623779296875 0.27338709677419354 0.046630859375 0.06935483870967742
0 0.5159912109375 0.2698924731182796 0.038818359375 0.07419354838709677
0 0.4677734375 0.2623655913978495 0.04052734375 0.05268817204301075
0 0.43017578125 0.26021505376344084 0.0302734375 0.05698924731182796
0 0.2969970703125 0.3096774193548387 0.054443359375 0.08279569892473118
0 0.2393798828125 0.3432795698924731 0.053466796875 0.07258064516129033
0 0.2115478515625 0.3548387096774194 0.038818359375 0.06881720430107527
0 0.18408203125 0.3741935483870968 0.03515625 0.05806451612903226
0 0.1474609375 0.39731182795698927 0.04248046875 0.07204301075268817
1 0.809814453125 0.4567204301075269 0.0107421875 0.012365591397849462
3 0.81298828125 0.4405913978494624 0.001953125 0.008064516129032258
1 0.6575927734375 0.31344086021505374 0.008056640625 0.007526881720430108
3 0.6575927734375 0.30510752688172044 0.003173828125 0.008064516129032258
3 0.6956787109375 0.317741935483871 0.002685546875 0.0064516129032258064
3 0.7215576171875 0.3206989247311828 0.002685546875 0.005913978494623656
3 0.6138916015625 0.29059139784946236 0.001708984375 0.004838709677419355
3 0.572021484375 0.28279569892473116 0.0029296875 0.005376344086021506
3 0.5186767578125 0.2771505376344086 0.003173828125 0.004838709677419355
1 0.5186767578125 0.2849462365591398 0.008056640625 0.005376344086021506
1 0.571533203125 0.2903225806451613 0.01025390625 0.0064516129032258064
1 0.4278564453125 0.2623655913978495 0.007568359375 0.005376344086021506
1 0.27880859375 0.335752688172043 0.0078125 0.005913978494623656
1 0.1964111328125 0.3795698924731183 0.005126953125 0.005376344086021506
1 0.1708984375 0.3860215053763441 0.00390625 0.007526881720430108
3 0.1962890625 0.37311827956989246 0.00146484375 0.004301075268817204
3 0.2786865234375 0.3239247311827957 0.002685546875 0.004838709677419355
3 0.4273681640625 0.25725806451612904 0.001220703125 0.003763440860215054
