0 0.35657894736842105 0.4195906432748538 0.27039473684210524 0.6418128654970761
0 0.8889802631578947 0.410453216374269 0.13651315789473684 0.25219298245614036
1 0.32417763157894736 0.7017543859649122 0.037171052631578945 0.039473684210526314
3 0.29523026315789475 0.581140350877193 0.02993421052631579 0.02046783625730994
0 0.11233552631578947 0.37646198830409355 0.06875 0.1608187134502924
0 0.35674342105263157 0.062134502923976605 0.047697368421052634 0.07602339181286549
0 0.4075657894736842 0.059576023391812866 0.06381578947368421 0.09576023391812866
0 0.46611842105263157 0.051900584795321635 0.057236842105263155 0.09064327485380116
0 0.5379934210526316 0.05043859649122807 0.05296052631578947 0.09064327485380116
0 0.6052631578947368 0.06761695906432749 0.06184210526315789 0.09429824561403509
0 0.6613486842105263 0.08698830409356725 0.06875 0.1111111111111111
0 0.7172697368421053 0.12463450292397661 0.05756578947368421 0.10014619883040936
0 0.7526315789473684 0.14437134502923976 0.07368421052631578 0.12207602339181287
0 0.8472039473684211 0.2631578947368421 0.05690789473684211 0.1023391812865497
0 0.5786184210526316 0.03508771929824561 0.03223684210526316 0.05701754385964912
