0 0.6065673828125 0.38064516129032255 0.156494140625 0.278494623655914
0 0.3524169921875 0.39946236559139786 0.120849609375 0.24516129032258063
0 0.786376953125 0.4311827956989247 0.11083984375 0.14838709677419354
1 0.6424560546875 0.41451612903225804 0.015380859375 0.012903225806451613
1 0.3140869140625 0.43790322580645163 0.018798828125 0.02204301075268817
3 0.64599609375 0.3895161290322581 0.0087890625 0.015591397849462365
0 0.07080078125 0.4946236559139785 0.0458984375 0.08279569892473118
0 0.0428466796875 0.5096774193548387 0.031494140625 0.06344086021505377
0 0.50341796875 0.2521505376344086 0.03125 0.06129032258064516
0 0.5582275390625 0.25 0.047607421875 0.060215053763440864
0 0.66162109375 0.27231182795698927 0.037109375 0.04139784946236559
0 0.6995849609375 0.3088709677419355 0.048095703125 0.07043010752688172
0 0.729736328125 0.3196236559139785 0.0478515625 0.07473118279569893
0 0.7579345703125 0.33225806451612905 0.034423828125 0.05591397849462366
3 0.5047607421875 0.2586021505376344 0.005126953125 0.005376344086021506
1 0.5045166015625 0.2661290322580645 0.008544921875 0.0064516129032258064
1 0.673095703125 0.2849462365591398 0.00537109375 0.0064516129032258064
1 0.7169189453125 0.32768817204301076 0.006591796875 0.006989247311827957
1 0.749755859375 0.3470430107526882 0.00439453125 0.004838709677419355
1 0.77001953125 0.34381720430107526 0.00390625 0.005913978494623656
3 0.71728515625 0.3209677419354839 0.001953125 0.004301075268817204
3 0.75 0.33978494623655914 0.001953125 0.0032258064516129032
3 0.7701416015625 0.3395161290322581 0.001708984375 0.003763440860215054
