0 0.6769736842105263 0.4163011695906433 0.2394736842105263 0.5211988304093568
0 0.40279605263157897 0.4166666666666667 0.29967105263157895 0.5526315789473685
0 0.22828947368421051 0.40350877192982454 0.1868421052631579 0.4239766081871345
1 0.34407894736842104 0.6695906432748538 0.06644736842105263 0.04678362573099415
1 0.7092105263157895 0.6377923976608187 0.05789473684210526 0.03728070175438596
3 0.3136513157894737 0.528874269005848 0.03782894736842105 0.02266081871345029
3 0.7384868421052632 0.5285087719298246 0.014473684210526316 0.029239766081871343
0 0.140625 0.4309210526315789 0.12796052631578947 0.29312865497076024
0 0.6805921052631579 0.13194444444444445 0.056578947368421055 0.09722222222222222
0 0.6276315789473684 0.10818713450292397 0.060526315789473685 0.09941520467836257
0 0.5634868421052631 0.0851608187134503 0.053289473684210525 0.09722222222222222
0 0.4898026315789474 0.07858187134502924 0.056578947368421055 0.09868421052631579
0 0.4294407894736842 0.09173976608187134 0.058223684210526316 0.09137426900584796
0 0.37154605263157897 0.10307017543859649 0.062171052631578946 0.06871345029239766
0 0.32532894736842105 0.17543859649122806 0.14144736842105263 0.11257309941520467
0 0.27976973684210527 0.15935672514619884 0.05756578947368421 0.1111111111111111
0 0.3235197368421053 0.1111111111111111 0.04638157894736842 0.04532163742690058
0 0.24572368421052632 0.18640350877192982 0.042105263157894736 0.09210526315789473
0 0.22171052631578947 0.20942982456140352 0.0375 0.08698830409356725
0 0.196875 0.23830409356725146 0.03519736842105263 0.0847953216374269
0 0.17615131578947368 0.26242690058479534 0.03256578947368421 0.0804093567251462
0 0.16151315789473683 0.2774122807017544 0.025657894736842105 0.062134502923976605
0 0.1511513157894737 0.28983918128654973 0.02138157894736842 0.062134502923976605
0 0.10723684210526316 0.3614766081871345 0.03355263157894737 0.05921052631578947
0 0.09243421052631579 0.43896198830409355 0.0506578947368421 0.1600877192982456
0 0.07335526315789474 0.4554093567251462 0.034868421052631576 0.1301169590643275
