0 0.21728515625 0.4629032258064516 0.232421875 0.45483870967741935
0 0.6348876953125 0.4905913978494624 0.249267578125 0.5833333333333334
0 0.0806884765625 0.5008064516129033 0.042236328125 0.13709677419354838
0 0.090087890625 0.5075268817204301 0.0390625 0.14301075268817204
0 0.11279296875 0.5206989247311828 0.060546875 0.19838709677419356
0 0.778564453125 0.4612903225806452 0.16796875 0.3989247311827957
0 0.899169921875 0.4962365591397849 0.07763671875 0.2032258064516129
0 0.9130859375 0.48736559139784946 0.08154296875 0.1650537634408602
0 0.9530029296875 0.49274193548387096 0.048583984375 0.09623655913978495
0 0.3201904296875 0.21774193548387097 0.052490234375 0.07419354838709677
0 0.361328125 0.21263440860215055 0.056640625 0.08440860215053764
0 0.4136962890625 0.18844086021505377 0.057861328125 0.07903225806451612
0 0.4637451171875 0.19112903225806452 0.046142578125 0.08118279569892473
0 0.5252685546875 0.18655913978494623 0.051513671875 0.08817204301075268
0 0.582275390625 0.1825268817204301 0.04541015625 0.0478494623655914
0 0.6326904296875 0.20161290322580644 0.055908203125 0.06881720430107527
0 0.6763916015625 0.22231182795698926 0.044189453125 0.06935483870967742
0 0.7315673828125 0.25188172043010754 0.038330078125 0.07150537634408602
0 0.7569580078125 0.26424731182795697 0.043212890625 0.06290322580645161
0 0.82470703125 0.3228494623655914 0.04443359375 0.08225806451612903
0 0.8463134765625 0.3489247311827957 0.020751953125 0.05806451612903226
0 0.85302734375 0.35698924731182796 0.0234375 0.06344086021505377
0 0.861328125 0.3629032258064516 0.0341796875 0.07526881720430108
0 0.8795166015625 0.3811827956989247 0.023193359375 0.05053763440860215
1 0.3115234375 0.6239247311827957 0.0654296875 0.04247311827956989
1 0.6805419921875 0.639247311827957 0.045654296875 0.03225806451612903
1 0.1370849609375 0.5793010752688172 0.022705078125 0.03602150537634408
1 0.461669921875 0.21424731182795698 0.01025390625 0.01021505376344086
1 0.5286865234375 0.20967741935483872 0.014892578125 0.008602150537634409
1 0.4012451171875 0.22096774193548388 0.012939453125 0.0064516129032258064
1 0.843505859375 0.3575268817204301 0.00341796875 0.005376344086021506
1 0.8621826171875 0.38064516129032255 0.002197265625 0.004301075268817204
1 0.8541259765625 0.3741935483870968 0.002685546875 0.004301075268817204
1 0.8310546875 0.5623655913978495 0.02587890625 0.025806451612903226
1 0.9315185546875 0.5588709677419355 0.005615234375 0.008064516129032258
1 0.07763671875 0.5422043010752688 0.00439453125 0.00913978494623656
1 0.06884765625 0.5567204301075269 0.00390625 0.006989247311827957
1 0.09033203125 0.557258064516129 0.0068359375 0.015591397849462365
3 0.6912841796875 0.5849462365591398 0.017333984375 0.030107526881720432
3 0.2957763671875 0.5809139784946237 0.016845703125 0.037096774193548385
3 0.1259765625 0.5419354838709678 0.00537109375 0.01935483870967742
3 0.4613037109375 0.20403225806451614 0.004150390625 0.005913978494623656
3 0.52880859375 0.19919354838709677 0.00341796875 0.004838709677419355
3 0.83935546875 0.5413978494623656 0.0068359375 0.013978494623655914
3 0.087158203125 0.5456989247311828 0.0068359375 0.0064516129032258064
0 0.8360595703125 0.464247311827957 0.148681640625 0.3618279569892473
0 0.3623046875 0.4884408602150538 0.25439453125 0.5553763440860215
