0 0.4798583984375 0.49193548387096775 0.187744140625 0.5172043010752688
0 0.716064453125 0.46236559139784944 0.298828125 0.47096774193548385
0 0.2874755859375 0.49274193548387096 0.229248046875 0.43709677419354837
0 0.5118408203125 0.20053763440860214 0.118896484375 0.11397849462365592
0 0.16845703125 0.5026881720430108 0.1298828125 0.3032258064516129
0 0.12109375 0.4913978494623656 0.07763671875 0.1935483870967742
0 0.330810546875 0.2172043010752688 0.04638671875 0.08602150537634409
0 0.3756103515625 0.20080645161290323 0.054443359375 0.08763440860215053
0 0.4281005859375 0.18413978494623656 0.050537109375 0.08763440860215053
0 0.548095703125 0.17043010752688173 0.04248046875 0.06774193548387097
0 0.5980224609375 0.18870967741935485 0.056884765625 0.08064516129032258
0 0.6448974609375 0.19731182795698926 0.054443359375 0.07526881720430108
0 0.68798828125 0.22258064516129034 0.05517578125 0.08387096774193549
0 0.7271728515625 0.23629032258064517 0.052490234375 0.07903225806451612
0 0.7530517578125 0.24435483870967742 0.043212890625 0.06827956989247312
0 0.7816162109375 0.26021505376344084 0.027099609375 0.03978494623655914
1 0.4859619140625 0.6153225806451613 0.044189453125 0.03924731182795699
1 0.2076416015625 0.6091397849462366 0.040283203125 0.04086021505376344
1 0.4208984375 0.20887096774193548 0.013671875 0.00913978494623656
1 0.3184814453125 0.24408602150537634 0.007568359375 0.007526881720430108
1 0.610595703125 0.21559139784946235 0.01025390625 0.007526881720430108
1 0.70556640625 0.24838709677419354 0.009765625 0.008602150537634409
3 0.4813232421875 0.578763440860215 0.011474609375 0.03387096774193549
3 0.4215087890625 0.19623655913978494 0.005126953125 0.00967741935483871
3 0.611083984375 0.20483870967741935 0.00390625 0.008602150537634409
3 0.6612548828125 0.2196236559139785 0.005126953125 0.006989247311827957
3 0.74609375 0.26344086021505375 0.0029296875 0.007526881720430108
0 0.83544921875 0.32150537634408605 0.0302734375 0.06451612903225806
0 0.8470458984375 0.3333333333333333 0.023681640625 0.05913978494623656
0 0.8580322265625 0.3443548387096774 0.025146484375 0.06182795698924731
0 0.8695068359375 0.35591397849462364 0.018310546875 0.054838709677419356
0 0.8758544921875 0.36129032258064514 0.017822265625 0.04946236559139785
0 0.883544921875 0.3709677419354839 0.01953125 0.05161290322580645
0 0.890380859375 0.37553763440860216 0.0234375 0.0553763440860215
0 0.9013671875 0.3849462365591398 0.0263671875 0.060215053763440864
0 0.935302734375 0.42768817204301074 0.0068359375 0.020967741935483872
0 0.9420166015625 0.4389784946236559 0.007568359375 0.01989247311827957
0 0.9012451171875 0.385752688172043 0.018798828125 0.0456989247311828
0 0.9163818359375 0.403494623655914 0.014892578125 0.03924731182795699
0 0.9156494140625 0.40403225806451615 0.010009765625 0.032795698924731186
0 0.92333984375 0.4137096774193548 0.01123046875 0.031720430107526884
0 0.927001953125 0.41774193548387095 0.009765625 0.02903225806451613
