0 0.3507080078125 0.4021505376344086 0.136962890625 0.25053763440860216
0 0.490966796875 0.39731182795698927 0.11669921875 0.2817204301075269
0 0.6131591796875 0.3895161290322581 0.163818359375 0.28763440860215056
1 0.653076171875 0.421505376344086 0.0205078125 0.030107526881720432
1 0.49072265625 0.4446236559139785 0.021484375 0.03333333333333333
1 0.3201904296875 0.4373655913978495 0.031005859375 0.024193548387096774
3 0.6575927734375 0.3956989247311828 0.008544921875 0.016129032258064516
3 0.493408203125 0.40456989247311825 0.00732421875 0.013440860215053764
0 0.07861328125 0.4962365591397849 0.0654296875 0.08279569892473118
0 0.7236328125 0.4120967741935484 0.06494140625 0.18978494623655914
0 0.76904296875 0.41935483870967744 0.08935546875 0.16344086021505377
0 0.8172607421875 0.4327956989247312 0.046142578125 0.13763440860215054
0 0.7518310546875 0.32903225806451614 0.037841796875 0.05806451612903226
0 0.726806640625 0.314247311827957 0.037109375 0.056451612903225805
0 0.70166015625 0.3064516129032258 0.0439453125 0.06451612903225806
0 0.4410400390625 0.2793010752688172 0.078369140625 0.09838709677419355
0 0.372314453125 0.2709677419354839 0.04541015625 0.05913978494623656
0 0.329833984375 0.28736559139784945 0.0458984375 0.057526881720430106
0 0.298095703125 0.29973118279569894 0.0380859375 0.05860215053763441
0 0.269287109375 0.353494623655914 0.06640625 0.10376344086021505
0 0.2333984375 0.34408602150537637 0.04541015625 0.07419354838709677
0 0.2073974609375 0.35913978494623655 0.039306640625 0.07204301075268817
0 0.1767578125 0.3787634408602151 0.04052734375 0.06935483870967742
0 0.1553955078125 0.3935483870967742 0.027099609375 0.05591397849462366
0 0.1480712890625 0.3943548387096774 0.040771484375 0.07688172043010753
0 0.09814453125 0.4443548387096774 0.033203125 0.03387096774193549
1 0.7452392578125 0.4491935483870968 0.010009765625 0.014516129032258065
1 0.8006591796875 0.4860215053763441 0.010986328125 0.013978494623655914
3 0.804443359375 0.44946236559139785 0.00341796875 0.007526881720430108
3 0.7171630859375 0.3228494623655914 0.001708984375 0.004838709677419355
3 0.7401123046875 0.3336021505376344 0.002197265625 0.003763440860215054
3 0.766357421875 0.34946236559139787 0.001953125 0.004301075268817204
1 0.7166748046875 0.3295698924731183 0.006103515625 0.0064516129032258064
3 0.2899169921875 0.35295698924731184 0.004150390625 0.00913978494623656
3 0.1922607421875 0.3779569892473118 0.002197265625 0.004301075268817204
1 0.1923828125 0.38467741935483873 0.00439453125 0.005913978494623656
