0 0.33305921052631576 0.44883040935672514 0.27269736842105263 0.6213450292397661
0 0.756578947368421 0.3512426900584795 0.2118421052631579 0.45248538011695905
0 0.521875 0.05299707602339181 0.06151315789473684 0.09576023391812866
0 0.44342105263157894 0.061769005847953216 0.05526315789473684 0.09283625730994152
0 0.5837171052631579 0.0581140350877193 0.05756578947368421 0.09576023391812866
0 0.6460526315789473 0.0763888888888889 0.06973684210526315 0.11330409356725146
0 0.3828947368421053 0.07273391812865497 0.057236842105263155 0.09137426900584796
0 0.3215460526315789 0.10964912280701754 0.06085526315789474 0.10087719298245613
0 0.2713815789473684 0.13779239766081872 0.04868421052631579 0.10307017543859649
0 0.2299342105263158 0.1695906432748538 0.04078947368421053 0.11257309941520467
0 0.19523026315789474 0.20614035087719298 0.03519736842105263 0.11257309941520467
0 0.059539473684210524 0.4894005847953216 0.08026315789473684 0.15716374269005848
0 0.084375 0.38011695906432746 0.03980263157894737 0.09502923976608187
0 0.061019736842105265 0.41118421052631576 0.01611842105263158 0.05482456140350877
0 0.05016447368421053 0.4294590643274854 0.012171052631578947 0.0402046783625731
0 0.17286184210526315 0.24269005847953215 0.03453947368421053 0.097953216374269
0 0.16151315789473683 0.2532894736842105 0.034210526315789476 0.09429824561403509
0 0.14144736842105263 0.28289473684210525 0.02763157894736842 0.08333333333333333
0 0.41233552631578946 0.04239766081871345 0.03453947368421053 0.05555555555555555
0 0.46266447368421054 0.03033625730994152 0.03388157894736842 0.05482456140350877
0 0.43453947368421053 0.01425438596491228 0.021052631578947368 0.019736842105263157
0 0.36414473684210524 0.05847953216374269 0.034210526315789476 0.054093567251461985
0 0.3271381578947368 0.0668859649122807 0.0430921052631579 0.035818713450292396
0 0.7 0.10526315789473684 0.05921052631578947 0.0804093567251462
0 0.7386513157894737 0.1301169590643275 0.062171052631578946 0.1023391812865497
0 0.8115131578947369 0.24671052631578946 0.07105263157894737 0.13230994152046785
0 0.8830592105263158 0.3165204678362573 0.05690789473684211 0.11257309941520467
0 0.9504934210526316 0.40460526315789475 0.026644736842105263 0.046052631578947366
0 0.13305921052631578 0.2814327485380117 0.018092105263157895 0.04678362573099415
0 0.12023026315789474 0.3044590643274854 0.014144736842105264 0.035818713450292396
1 0.26710526315789473 0.6494883040935673 0.07105263157894737 0.05482456140350877
3 0.2536184210526316 0.6034356725146199 0.05986842105263158 0.02412280701754386
