0 0.6337171052631579 0.35014619883040937 0.21019736842105263 0.5511695906432749
0 0.1574013157894737 0.4071637426900585 0.17927631578947367 0.34502923976608185
0 0.7924342105263158 0.3753654970760234 0.19539473684210526 0.41885964912280704
0 0.46282894736842106 0.051900584795321635 0.04671052631578947 0.09210526315789473
0 0.3983552631578947 0.07163742690058479 0.06578947368421052 0.10380116959064327
0 0.3356907894736842 0.09722222222222222 0.05690789473684211 0.097953216374269
0 0.29046052631578945 0.11842105263157894 0.04342105263157895 0.09502923976608187
0 0.2509868421052632 0.15789473684210525 0.05131578947368421 0.10087719298245613
0 0.21578947368421053 0.18896198830409358 0.04078947368421053 0.08552631578947369
0 0.18996710526315788 0.20869883040935672 0.05296052631578947 0.1162280701754386
0 0.8019736842105263 0.19700292397660818 0.035526315789473684 0.07821637426900585
0 0.7754934210526315 0.17068713450292397 0.03519736842105263 0.07675438596491228
0 0.7384868421052632 0.12463450292397661 0.060526315789473685 0.10307017543859649
0 0.6949013157894737 0.11513157894736842 0.05625 0.10014619883040936
0 0.6453947368421052 0.08698830409356725 0.060526315789473685 0.10526315789473684
0 0.5868421052631579 0.05043859649122807 0.05526315789473684 0.07309941520467836
0 0.5322368421052631 0.04824561403508772 0.04868421052631579 0.0804093567251462
0 0.07171052631578947 0.4506578947368421 0.06118421052631579 0.2054093567251462
0 0.03881578947368421 0.4992690058479532 0.035526315789473684 0.10818713450292397
0 0.8820723684210526 0.4228801169590643 0.07993421052631579 0.27850877192982454
0 0.8995065789473684 0.4108187134502924 0.07335526315789474 0.21637426900584794
0 0.8894736842105263 0.35014619883040937 0.0756578947368421 0.14327485380116958
1 0.6745065789473684 0.5705409356725146 0.05230263157894737 0.03728070175438596
1 0.7858552631578948 0.19005847953216373 0.007894736842105263 0.014619883040935672
3 0.6804276315789474 0.5208333333333334 0.01611842105263158 0.02412280701754386
