0 0.7821044921875 0.442741935483871 0.121826171875 0.16720430107526882
0 0.04736328125 0.46881720430107526 0.015625 0.03118279569892473
0 0.08935546875 0.4478494623655914 0.03662109375 0.07741935483870968
0 0.092529296875 0.4483870967741935 0.0263671875 0.07526881720430108
0 0.10009765625 0.46774193548387094 0.02392578125 0.04838709677419355
0 0.1290283203125 0.425 0.056396484375 0.11344086021505376
0 0.147216796875 0.425 0.064453125 0.128494623655914
0 0.1717529296875 0.42258064516129035 0.076904296875 0.15806451612903225
0 0.23046875 0.4043010752688172 0.12060546875 0.17096774193548386
0 0.193359375 0.3271505376344086 0.0419921875 0.06290322580645161
0 0.2015380859375 0.32741935483870965 0.025146484375 0.04516129032258064
0 0.2283935546875 0.30591397849462365 0.043212890625 0.07741935483870968
0 0.255615234375 0.289247311827957 0.04638671875 0.07311827956989247
0 0.17041015625 0.34408602150537637 0.03076171875 0.05053763440860215
0 0.2777099609375 0.29059139784946236 0.038330078125 0.06397849462365592
0 0.30615234375 0.2763440860215054 0.0439453125 0.06881720430107527
0 0.339599609375 0.2698924731182796 0.046875 0.07741935483870968
0 0.3780517578125 0.2615591397849462 0.046630859375 0.07473118279569893
0 0.4228515625 0.2545698924731183 0.04736328125 0.07473118279569893
0 0.4693603515625 0.2532258064516129 0.040771484375 0.07419354838709677
0 0.5166015625 0.2524193548387097 0.0400390625 0.07903225806451612
0 0.5611572265625 0.26129032258064516 0.044677734375 0.08279569892473118
0 0.606201171875 0.2768817204301075 0.05029296875 0.07741935483870968
0 0.6478271484375 0.2860215053763441 0.049560546875 0.08817204301075268
0 0.68212890625 0.2994623655913978 0.04345703125 0.08279569892473118
0 0.712158203125 0.31666666666666665 0.046875 0.08494623655913978
0 0.7391357421875 0.3325268817204301 0.031494140625 0.06720430107526881
0 0.759521484375 0.3333333333333333 0.04443359375 0.060215053763440864
0 0.9102783203125 0.4946236559139785 0.036376953125 0.08064516129032258
0 0.90185546875 0.4768817204301075 0.03076171875 0.06129032258064516
0 0.905517578125 0.5067204301075269 0.02294921875 0.06075268817204301
0 0.884033203125 0.4801075268817204 0.0400390625 0.1010752688172043
0 0.8431396484375 0.4615591397849462 0.076416015625 0.1532258064516129
1 0.829833984375 0.5075268817204301 0.009765625 0.013978494623655914
1 0.8890380859375 0.503494623655914 0.003173828125 0.005913978494623656
1 0.8992919921875 0.5048387096774194 0.003173828125 0.005376344086021506
1 0.9149169921875 0.5185483870967742 0.001708984375 0.005913978494623656
1 0.728515625 0.34381720430107526 0.005859375 0.006989247311827957
1 0.6951904296875 0.3228494623655914 0.008056640625 0.008064516129032258
1 0.660400390625 0.3139784946236559 0.00732421875 0.007526881720430108
1 0.6170654296875 0.29973118279569894 0.010009765625 0.008064516129032258
1 0.5667724609375 0.2833333333333333 0.011474609375 0.008602150537634409
1 0.5189208984375 0.27446236559139786 0.010009765625 0.006989247311827957
1 0.465576171875 0.2709677419354839 0.01171875 0.0064516129032258064
1 0.4129638671875 0.275 0.010498046875 0.008064516129032258
1 0.3668212890625 0.27903225806451615 0.006591796875 0.005376344086021506
1 0.3250732421875 0.2924731182795699 0.006103515625 0.00967741935483871
1 0.26513671875 0.31370967741935485 0.00390625 0.005913978494623656
1 0.2373046875 0.31747311827956987 0.00439453125 0.004838709677419355
1 0.180908203125 0.44489247311827956 0.01220703125 0.015591397849462365
1 0.143798828125 0.46263440860215055 0.00732421875 0.01021505376344086
1 0.1058349609375 0.45564516129032256 0.003173828125 0.004838709677419355
1 0.120361328125 0.45725806451612905 0.00390625 0.01129032258064516
3 0.3245849609375 0.2849462365591398 0.002197265625 0.004301075268817204
3 0.366455078125 0.271505376344086 0.0029296875 0.005376344086021506
3 0.412841796875 0.260752688172043 0.00244140625 0.005376344086021506
3 0.4659423828125 0.26021505376344084 0.002685546875 0.005376344086021506
3 0.567138671875 0.267741935483871 0.001953125 0.0032258064516129032
3 0.6177978515625 0.2903225806451613 0.004150390625 0.00967741935483871
