0 0.3371710526315789 0.4342105263157895 0.30723684210526314 0.6915204678362573
0 0.7516447368421053 0.35964912280701755 0.21842105263157896 0.45321637426900585
0 0.07039473684210526 0.46747076023391815 0.07302631578947369 0.15423976608187134
0 0.7389802631578948 0.13523391812865498 0.04967105263157895 0.0847953216374269
0 0.6980263157894737 0.09868421052631579 0.04671052631578947 0.0891812865497076
0 0.58125 0.05263157894736842 0.05855263157894737 0.1023391812865497
0 0.5220394736842106 0.0533625730994152 0.053289473684210525 0.0935672514619883
0 0.44358552631578946 0.05116959064327485 0.059539473684210524 0.1023391812865497
0 0.11233552631578947 0.32785087719298245 0.029276315789473685 0.07821637426900585
0 0.14358552631578947 0.2679093567251462 0.040460526315789475 0.1074561403508772
0 0.15476973684210527 0.2543859649122807 0.022697368421052633 0.08625730994152046
0 0.17648026315789472 0.23026315789473684 0.03453947368421053 0.0935672514619883
0 0.2080592105263158 0.1878654970760234 0.04243421052631579 0.09649122807017543
0 0.23453947368421052 0.16630116959064328 0.046052631578947366 0.09868421052631579
0 0.27039473684210524 0.13596491228070176 0.0506578947368421 0.09502923976608187
0 0.3238486842105263 0.09868421052631579 0.058881578947368424 0.08187134502923976
0 0.38355263157894737 0.05665204678362573 0.06184210526315789 0.07967836257309942
0 0.9337171052631579 0.42214912280701755 0.06019736842105263 0.13815789473684212
0 0.04128289473684211 0.49451754385964913 0.08125 0.16885964912280702
0 0.08355263157894736 0.3786549707602339 0.029605263157894735 0.06286549707602339
1 0.2924342105263158 0.7397660818713451 0.07434210526315789 0.049707602339181284
1 0.8453947368421053 0.54203216374269 0.021710526315789475 0.029970760233918127
3 0.25411184210526316 0.625 0.03388157894736842 0.029239766081871343
3 0.8472039473684211 0.5091374269005848 0.005592105263157895 0.025584795321637425
0 0.6470394736842106 0.07383040935672515 0.07236842105263158 0.12134502923976608
