0 0.6789473684210526 0.4027777777777778 0.25855263157894737 0.5555555555555556
0 0.37006578947368424 0.41228070175438597 0.2631578947368421 0.5921052631578947
0 0.1824013157894737 0.40899122807017546 0.17532894736842106 0.31067251461988304
0 0.8342105263157895 0.3029970760233918 0.1013157894736842 0.16447368421052633
0 0.6819078947368421 0.11695906432748537 0.04868421052631579 0.08625730994152046
0 0.6217105263157895 0.12317251461988304 0.13815789473684212 0.10307017543859649
0 0.48930921052631576 0.07858187134502924 0.05625 0.08845029239766082
0 0.4220394736842105 0.08369883040935673 0.05855263157894737 0.07383040935672515
0 0.36792763157894737 0.10818713450292397 0.06085526315789474 0.08333333333333333
0 0.32203947368421054 0.12755847953216373 0.057236842105263155 0.10307017543859649
0 0.27861842105263157 0.16264619883040934 0.046052631578947366 0.08991228070175439
0 0.2509868421052632 0.17690058479532164 0.05197368421052632 0.0935672514619883
0 0.21595394736842105 0.2152777777777778 0.03980263157894737 0.08114035087719298
0 0.19177631578947368 0.23464912280701755 0.034210526315789476 0.08333333333333333
0 0.11069078947368421 0.4371345029239766 0.08322368421052631 0.21637426900584794
0 0.5585526315789474 0.07858187134502924 0.04407894736842105 0.08552631578947369
1 0.7296052631578948 0.569078947368421 0.06644736842105263 0.041666666666666664
1 0.31842105263157894 0.5500730994152047 0.07039473684210526 0.0445906432748538
3 0.7473684210526316 0.506578947368421 0.01381578947368421 0.029239766081871343
3 0.3001644736842105 0.5142543859649122 0.010855263157894738 0.02412280701754386
