0 0.6875 0.49032258064516127 0.23095703125 0.4967741935483871
0 0.19921875 0.49489247311827955 0.16015625 0.28440860215053765
1 0.759521484375 0.6094086021505376 0.02880859375 0.044623655913978495
1 0.140869140625 0.6158602150537634 0.013671875 0.017741935483870968
1 0.2611083984375 0.2228494623655914 0.004638671875 0.006989247311827957
0 0.2740478515625 0.21989247311827956 0.037353515625 0.05053763440860215
0 0.330322265625 0.16774193548387098 0.01318359375 0.026881720430107527
0 0.771728515625 0.275 0.052734375 0.07903225806451612
0 0.8004150390625 0.28978494623655915 0.035400390625 0.07526881720430108
0 0.8846435546875 0.37473118279569895 0.024169921875 0.046236559139784944
0 0.8974609375 0.38521505376344084 0.01904296875 0.044623655913978495
0 0.9085693359375 0.39865591397849465 0.017333984375 0.03924731182795699
0 0.920654296875 0.41236559139784945 0.0166015625 0.03225806451612903
1 0.89501953125 0.39381720430107525 0.001953125 0.002688172043010753
1 0.793212890625 0.30268817204301074 0.00390625 0.005376344086021506
1 0.8138427734375 0.3161290322580645 0.004638671875 0.007526881720430108
3 0.814453125 0.3096774193548387 0.00146484375 0.005376344086021506
0 0.6229248046875 0.14112903225806453 0.015380859375 0.016666666666666666
