0 0.662828947368421 0.4239766081871345 0.2848684210526316 0.6739766081871345
0 0.35 0.38121345029239767 0.25723684210526315 0.6016081871345029
0 0.20559210526315788 0.3742690058479532 0.18947368421052632 0.533625730994152
1 0.29605263157894735 0.5347222222222222 0.07171052631578947 0.0445906432748538
1 0.7296052631578948 0.560672514619883 0.030921052631578946 0.038011695906432746
3 0.2774671052631579 0.4755116959064328 0.015460526315789473 0.03435672514619883
3 0.7518092105263158 0.5372807017543859 0.015460526315789473 0.021929824561403508
0 0.10970394736842105 0.4243421052631579 0.10493421052631578 0.2273391812865497
0 0.05970394736842105 0.4583333333333333 0.05756578947368421 0.15789473684210525
0 0.025 0.4919590643274854 0.035526315789473684 0.09210526315789473
0 0.11332236842105263 0.3267543859649123 0.04111842105263158 0.08333333333333333
0 0.09177631578947368 0.3505116959064328 0.021052631578947368 0.062134502923976605
0 0.15148026315789473 0.266812865497076 0.03980263157894737 0.05555555555555555
0 0.1930921052631579 0.21271929824561403 0.03684210526315789 0.0891812865497076
0 0.21661184210526316 0.18019005847953215 0.03980263157894737 0.07967836257309942
0 0.2449013157894737 0.14546783625730994 0.04177631578947368 0.08187134502923976
0 0.2819078947368421 0.11659356725146199 0.05526315789473684 0.07821637426900585
0 0.3238486842105263 0.09978070175438597 0.09703947368421052 0.09576023391812866
0 0.39901315789473685 0.05226608187134503 0.06513157894736842 0.08260233918128655
0 0.45822368421052634 0.051900584795321635 0.049342105263157895 0.08625730994152046
0 0.5263157894736842 0.04751461988304093 0.056578947368421055 0.09502923976608187
0 0.5865131578947368 0.05665204678362573 0.05855263157894737 0.07529239766081872
0 0.6432565789473684 0.0804093567251462 0.06019736842105263 0.0847953216374269
0 0.6927631578947369 0.1118421052631579 0.05855263157894737 0.09941520467836257
0 0.734703947368421 0.1425438596491228 0.05296052631578947 0.09649122807017543
0 0.7651315789473684 0.16447368421052633 0.04342105263157895 0.09649122807017543
0 0.7930921052631579 0.19078947368421054 0.03684210526315789 0.09210526315789473
0 0.8273026315789473 0.2277046783625731 0.04078947368421053 0.07529239766081872
0 0.8019736842105263 0.3848684210526316 0.14736842105263157 0.3881578947368421
0 0.8455592105263158 0.3925438596491228 0.13388157894736843 0.3538011695906433
0 0.8817434210526316 0.3969298245614035 0.09046052631578948 0.2646198830409357
0 0.9195723684210526 0.42543859649122806 0.05230263157894737 0.1608187134502924
0 0.9480263157894737 0.4071637426900585 0.020394736842105264 0.039473684210526314
0 0.1574013157894737 0.23940058479532164 0.02401315789473684 0.021198830409356724
