0 0.756578947368421 0.3468567251461988 0.2118421052631579 0.4480994152046784
0 0.3325657894736842 0.45248538011695905 0.27631578947368424 0.631578947368421
0 0.058881578947368424 0.48793859649122806 0.07828947368421052 0.1527777777777778
1 0.2669407894736842 0.6531432748538012 0.0694078947368421 0.0577485380116959
1 0.8457236842105263 0.5482456140350878 0.019736842105263157 0.024853801169590642
3 0.2588815789473684 0.6067251461988304 0.05460526315789474 0.027777777777777776
3 0.8475328947368421 0.4904970760233918 0.011513157894736841 0.013157894736842105
0 0.3223684210526316 0.11220760233918128 0.06447368421052632 0.10014619883040936
0 0.3824013157894737 0.07858187134502924 0.05690789473684211 0.09576023391812866
0 0.44457236842105263 0.06103801169590643 0.058881578947368424 0.09283625730994152
0 0.5217105263157895 0.0537280701754386 0.05986842105263158 0.09576023391812866
0 0.5800986842105263 0.0581140350877193 0.062171052631578946 0.09283625730994152
0 0.6440789473684211 0.07821637426900585 0.06973684210526315 0.11403508771929824
0 0.7 0.10526315789473684 0.05921052631578947 0.0804093567251462
0 0.7393092105263158 0.13048245614035087 0.06085526315789474 0.10160818713450293
0 0.46348684210526314 0.029239766081871343 0.035526315789473684 0.05555555555555555
0 0.41217105263157894 0.04057017543859649 0.034210526315789476 0.051900584795321635
0 0.36414473684210524 0.05921052631578947 0.03355263157894737 0.05555555555555555
0 0.2736842105263158 0.13815789473684212 0.057236842105263155 0.1067251461988304
0 0.234375 0.1699561403508772 0.051644736842105264 0.1118421052631579
0 0.20098684210526316 0.20577485380116958 0.046052631578947366 0.1118421052631579
0 0.1730263157894737 0.24342105263157895 0.034868421052631576 0.09941520467836257
0 0.1618421052631579 0.2532894736842105 0.03355263157894737 0.09429824561403509
0 0.14078947368421052 0.28399122807017546 0.02763157894736842 0.07967836257309942
0 0.11529605263157895 0.322733918128655 0.0430921052631579 0.10014619883040936
0 0.08157894736842106 0.3793859649122807 0.034868421052631576 0.09210526315789473
