0 0.2868345047055987 0.49569759621372556 0.2309652509652511 0.44213060987254543
0 0.16872639659749078 0.5024996055963804 0.1335907335907338 0.3026894175281271
0 0.33168156383477765 0.21831376240662803 0.04874238589036217 0.08673447866175134
0 0.3758213405311581 0.20252875192220937 0.055231310327778615 0.08972532275353538
0 0.4290154303960272 0.1865775834326923 0.05145867984090868 0.08906069073313883
0 0.4879942647099742 0.1775220560909758 0.04275647950754413 0.08390979386315467
0 0.5452124946391876 0.18153754127584634 0.048541179676211854 0.08640216397790096
0 0.5989724799023495 0.18679921151809004 0.06149387787996785 0.10578726487037882
0 0.6488969574449814 0.20867668252531515 0.05269107327547351 0.09304848428389431
0 0.6887610868681919 0.2252924832902966 0.05319409068144454 0.08695602400340122
0 0.7266131466675176 0.24412372415727468 0.053445599384430054 0.08584830395240167
0 0.7525814202507757 0.25547785468001194 0.043007988210529646 0.08695602400340122
0 0.7805617634579185 0.2768014656617373 0.036594516284397915 0.07864812362091
0 0.8014369858057195 0.2941095914585926 0.0335764118485713 0.07670961353166203
0 0.8208660331113531 0.3110023222363237 0.02992953565528067 0.0706171532511699
0 0.8345208597776106 0.3255873029078068 0.03154338316610472 0.07107870327241882
0 0.857932128213849 0.3469570688916578 0.02536046088437649 0.06046305278368108
0 0.8748146499017542 0.36193436708120325 0.021797420925414368 0.053770577475564005
0 0.8924202591107433 0.3848964806383641 0.026827594985125547 0.04938585227369346
0 0.9134226289266645 0.4070310430508427 0.02244365617246258 0.03865481015891321
