0 0.6185097956598934 0.56605783095919 0.2486486404086164 0.5559845375596391
0 0.7671584393824357 0.45880772726327207 0.22779922025012972 0.362076350077419
0 0.0903244849782368 0.56605783095919 0.11428571049837045 0.15787215264039106
0 0.8835336539868412 0.45936106451627523 0.11589403680728047 0.2698062232550441
0 0.22828488231176247 0.35485240099726867 0.04445670958719012 0.08346278811388155
0 0.25909798102564274 0.336115856726806 0.042157224608542106 0.08686943252669334
0 0.30010546314486053 0.30801104032111076 0.05825361945907636 0.10219933238434406
0 0.34187944025696193 0.28842283494744586 0.04675619456583761 0.09027607693950389
0 0.3966838322480666 0.25776303523214167 0.06131959943060648 0.11752923224199623
0 0.456087194196467 0.23987815206488203 0.05442114449466365 0.09879268797153355
0 0.5185565361163975 0.22965821882644774 0.05518763948754631 0.09879268797153355
0 0.579876135547004 0.22625157441363655 0.05212165951601571 0.08175946590747557
0 0.6465611999277888 0.2535047297161282 0.07818248927402352 0.09197939914590977
0 0.10750770305996986 0.4743452472472214 0.038976679135023576 0.05024617936375015
0 0.18233862018384128 0.39634403547301833 0.033162478380075446 0.07704414169108388
