0 0.9023965506302054 0.3904890514911596 0.11285401958714569 0.23883888250902213
0 0.7930330085182491 0.36034815993608355 0.2026096211539743 0.4749924767182496
0 0.09983348042683171 0.4978697220462299 0.07943750469640642 0.21043642080524683
1 0.8710218255617166 0.5636227137501288 0.027094299713050773 0.02161801691301603
3 0.8778444843662712 0.5239536527147456 0.011485627052271852 0.00886338693433643
0 0.7668468284746532 0.10117217017777337 0.0394768039602007 0.04147303654479167
0 0.7927783804338311 0.13909607186440562 0.04617699545803289 0.043466932532522554
0 0.7232806563529588 0.06675005099110197 0.041498935992616115 0.03793941174670631
0 0.7066810819559126 0.05113119827202031 0.026659922516468537 0.01938510089247786
0 0.6690679590736008 0.0341696532230657 0.047521753510290754 0.03525729266346643
0 0.6436696558958193 0.017502569418518035 0.03820661652818158 0.025321146549216675
0 0.5672823833261698 0.025690217641747323 0.08664474817852286 0.051380435283494647
0 0.2058014999601836 0.21608456036636892 0.020539877410486795 0.03392392656183626
0 0.22157319154323596 0.1888531091126507 0.01917753860264826 0.03392392656183626
0 0.16524572160376327 0.2751629630863018 0.022216602097057336 0.03161617645558875
0 0.15272268410094103 0.305971427004704 0.02106385387503984 0.036462451678708215
0 0.11232409868388671 0.364588279703387 0.012785025735098987 0.03553935163620941
0 0.07275364320327693 0.44659984717502466 0.012007793766000141 0.02964817792155118