0 0.3741668233725379 0.5089083394116215 0.35601750547045974 0.7774185705434379
1 0.28199257022450763 0.7681126900527219 0.07035055766471432 0.053254615694579475
3 0.255000429176067 0.7330937457929536 0.013190729562134074 0.026358345141761674
0 0.7391257046410484 0.09278147218957221 0.0618711409344459 0.057324512639184165
0 0.7041911457963554 0.06256840779858204 0.0520623015180095 0.038216341759456436
0 0.6850827720870281 0.04069555229156889 0.05690384405048121 0.03161617645558875
0 0.6640707308120388 0.029588797417165785 0.03796403427384343 0.024973915266858264
0 0.6668179684360083 0.03555849801838826 0.025895595263468074 0.01949835095701244
0 0.6402674026131832 0.015632785944509585 0.030747229036483414 0.027244271200208302
0 0.6172171629189358 0.008372918240269995 0.015717272298346963 0.01674583648053999
0 0.5858078135110887 0.007552989828760689 0.022135579089381352 0.015091189439331222
0 0.5484296117030907 0.0064516129032258064 0.05208326057659152 0.012903225806451613
0 0.49209176066278015 0.00862440560604814 0.022530987975788896 0.01724881121209628
0 0.35849731962028275 0.05945986611445488 0.05562969805767759 0.05790273948369045
0 0.22115401037159366 0.18781462156483872 0.018758357431005734 0.03553935163620941
0 0.22951667474586324 0.17064496077435848 0.011632277513081934 0.013846500637484046
0 0.19123054169447595 0.23305283592925594 0.017247558318436162 0.03141104255472421
0 0.16372177779418529 0.28145148313092394 0.017538656349127102 0.03846250108741828
0 0.17445601767591246 0.25669124805589766 0.015428195626618013 0.02772505286718007
0 0.14955496918378564 0.2946194650486074 0.01079488514495841 0.021635156541342637
0 0.14261106834615833 0.31665527263701154 0.016313618561763388 0.02831267399237389
0 0.1091045097858041 0.36735106889282326 0.013536058427127351 0.0269237507611926
0 0.10401757169948045 0.3752198555736247 0.01382715645781829 0.037661198981429826
0 0.06638587378191318 0.4660714883505295 0.014991548580581604 0.03814198024502309