0 0.6812784207467177 0.4044226410358968 0.25237053245805985 0.6812049912551081
1 0.7158210091569117 0.713082920501657 0.062289556265632484 0.02851004678598666
3 0.746721514520059 0.5507908239859536 0.021740276500554323 0.03281345007443773
0 0.07252590304253448 0.43726327786960667 0.033899347253897094 0.09474993733694782
0 0.06358405523651323 0.4283301591585011 0.011425597704618262 0.03637911561184909
0 0.07020653543473143 0.4046917470318589 0.009970107551163565 0.018269688016523584
0 0.14286144703804915 0.30421753692395576 0.04087016423515255 0.08640216397790096
0 0.11212465185422205 0.31694916642618604 0.013754381950145333 0.028686615394365626
0 0.1046434324654657 0.3257314375078138 0.007714097813309007 0.023558281916043648
0 0.15051297786582918 0.24491161536942932 0.016854574479709505 0.02673143588103959
0 0.16797012521553834 0.21961290752661744 0.020609738742027872 0.047481953374307356
0 0.18002326751287634 0.19250694936626944 0.01855749945654539 0.032052084239514576
0 0.18678115429690134 0.179506721182348 0.019596719774290783 0.023539051083722975
0 0.2109364693128053 0.14650589466301153 0.021168649167950804 0.03969330182745453
0 0.19579327251727618 0.1615441516684881 0.012575433808695191 0.018077373905163514
0 0.26218136754611177 0.07727339147558983 0.0228453738545209 0.03738555172120702
0 0.282123911787008 0.05761136057036281 0.018129585673541726 0.034847026604335064
0 0.7395783720751756 0.04118932897094427 0.037575399649226515 0.04353339733597456
0 0.7090049746095799 0.015900080594855186 0.0396880727218738 0.030905388948439815
0 0.7503530047456766 0.042817677420915606 0.01644866892275365 0.028246860866853553