0 0.22614817266452447 0.42783241396689564 0.22878003055302942 0.4731334063592742
0 0.09373154664049665 0.4973748306680581 0.07719019521545034 0.1882738938697247
1 0.146040924695509 0.6310616656078759 0.01625657858105578 0.019715629912608036
3 0.12673329259815325 0.5765064423102231 0.006007865997346595 0.01608380334975984
0 0.7739093095056937 0.11978206538283742 0.04919510154878637 0.0465242414277596
0 0.7270532388587667 0.06827308380210408 0.036066347454478453 0.03987792122379394
0 0.7044870359592825 0.05067600213309737 0.025674844026085886 0.025192935974217852
0 0.6811849146011097 0.03400939280186761 0.03027419519185459 0.029808438342749263
0 0.6309341170530918 0.015819834995943072 0.0354411852366181 0.024840365285624385
0 0.6510562684246011 0.014217230783967147 0.02037686214836354 0.01778890675293032
0 0.5542039307709208 0.013579488543163406 0.06576952583072204 0.026862211236719655
0 0.21214161518127783 0.20166112220232324 0.02022549153175479 0.03923175180620561
0 0.1643983526962629 0.2737584886223499 0.016330598071013558 0.021346686207161056
0 0.17322735518278454 0.2580273270750905 0.015282645253622551 0.021346686207161056
0 0.18344489515234907 0.24158460932092576 0.01458401004202825 0.02076974874210278
0 0.15105901345913098 0.2965960929340947 0.014336578011527212 0.03157130297592229
0 0.11059638719309484 0.36703054805042906 0.01579206816498191 0.02948791750035408