0 0.5 0.4735935533556477 0.7078862201594975 0.752009209491932
1 0.6726551756486577 0.6280240160191681 0.09400115118649129 0.04412298933243558
3 0.7177373604013635 0.5954113717299786 0.042204598491894875 0.02877586260810913
0 0.8432639656929121 0.43264807567568125 0.31347206861417587 0.4579258260455574
0 0.9748833647958277 0.4532136067855113 0.05023327040834458 0.4003423389380327
0 0.15827802780912603 0.0538657789613285 0.11901348823538878 0.10578976732034562
0 0.3103508183321236 0.062461197556107774 0.15075041843149214 0.08859893013079004
0 0.45263848965945863 0.08897511933399667 0.1454609370803002 0.09146407407321869
0 0.5910467752449577 0.13580913316666923 0.1564807050409293 0.12231942436297959
0 0.687469744900459 0.1556447154958025 0.10909570281022553 0.10468779562597422
0 0.7497314338780118 0.1782352398150912 0.09256605086928262 0.10138186523778533