0 0.5 0.5 0.7142857142857144 0.654733435274524
0 0.9515142139629059 0.48093741997738687 0.09697157207418816 0.29232938587408613
0 0.09060595696621664 0.14608644060541537 0.10501746343168504 0.11278140041690729
0 0.22749642486354937 0.14486055581827498 0.16304267668965902 0.10542609169406501
0 0.3780759395506145 0.14547349821184424 0.18143094849676303 0.09766215470884271
0 0.5819814424782832 0.21494030281646104 0.16181679190251924 0.09684489818408286
0 0.6788263406623674 0.23966231269045762 0.14547166140731485 0.1201367091397484
0 0.7644339616309968 0.2701051182377749 0.08785507641172205 0.09275861556028245
0 0.928089580714225 0.33180798585716953 0.11686768304070778 0.07477897201555829
1 0.722762661976403 0.6514813683483218 0.09667673222842964 0.055171538287428955
3 0.762749373212246 0.5944370347245305 0.028345010496293337 0.027838849594573684