0 0.4999999999999999 0.4687688851277093 0.7142857142857144 0.7492897234121777
1 0.6696662917135361 0.6716621981423415 0.1762279715035621 0.07549518623800296
3 0.7155980502437198 0.6074912898400396 0.0768653918260218 0.02642331518330055
0 0.14860061038570754 0.0562587161540215 0.1391257482806691 0.10095365613557222
0 0.30624634463880396 0.06307990913615388 0.14002916223054315 0.08549228537606979
0 0.433627711571105 0.08627196527540679 0.14725647382954007 0.09185873215939423
0 0.5650744412778423 0.11855894539083912 0.18248961787464474 0.12914792046172352
0 0.668799219082186 0.1593425015649191 0.08992314287619343 0.10105470532609448
0 0.7370257896946464 0.18539566778180205 0.12076887211860766 0.11737082962353686
0 0.8056183265862544 0.21181726261185577 0.1181548272675555 0.12421307529665858
0 0.8495187356110617 0.4385757226303618 0.30096252877787655 0.44633516737231976