0 0.5 0.5 0.7142857142857144 0.6163037889296985
0 0.17598091350709563 0.1429836164143383 0.16183310833111061 0.10988667849643285
0 0.3118496397045012 0.15713772596012412 0.16629252425086186 0.1006961652038092
0 0.4447110371076982 0.18251315959148354 0.15535979774301914 0.09666831859565649
0 0.5479576177421346 0.20983492931011122 0.13042550179834214 0.10884775333905844
0 0.619787544835486 0.22853564464148995 0.12371242449989821 0.10645022573247029
0 0.6902748564691492 0.25083265138275074 0.10549121468983524 0.10309368708324829
0 0.7502130466338295 0.2678550973895209 0.1496057226510401 0.12754846867043826
0 0.817439720722534 0.2959061703865907 0.06233571777126661 0.08439297175186844
0 0.8498303186875269 0.3105310887867713 0.07552211960749663 0.08631099383713847
0 0.8884065378775152 0.3294715568788103 0.07384385028288565 0.08247494966659838
0 0.9313702325875562 0.35109725589022667 0.0724053337189325 0.07863890549605945
0 0.9606499932634506 0.36284709647394814 0.05318589497630299 0.06775420533937687
1 0.7630543079242808 0.6377795757432255 0.05629767708545662 0.03348741136979671
3 0.7809680781666675 0.6035814074911053 0.07832165934301302 0.023503970427317396