0 0.5 0.5000000000000001 0.7142857142857145 0.6402293358815097
1 0.7482555356355717 0.6389431892361218 0.12067314649641263 0.0668460245033569
3 0.77907908649753 0.5966587891189029 0.028550917315095858 0.029322563729017256
0 0.04634074374143206 0.07448272765610674 0.09268148748286412 0.12164109107234218
0 0.21427003761121374 0.08067242919297285 0.18784398577100603 0.14263225280606387
0 0.37008904586538655 0.10892976229606204 0.1625469447072896 0.12487050056983826
0 0.4909227845633561 0.13395768590165377 0.16416164945603762 0.11679697682609808
0 0.6063741740988301 0.1603311967978703 0.16147047487478955 0.12110285615609284
0 0.6865711766199741 0.17782383157597262 0.1334822592298264 0.11841168157484612
0 0.7743034679686118 0.20850322180218175 0.10979992291485798 0.1076469832498606
0 0.8391607753766529 0.23191644065902692 0.08880876118113493 0.10064992933861913
0 0.8989048510803247 0.2574825991808687 0.0834264120186415 0.09149993576238163
0 0.9392724697990213 0.27551346887521966 0.09419111034362837 0.09849698967362176