0 0.9435002296738614 0.39228295819935677 0.11299954065227724 0.40192926045016064
0 0.5000000000000001 0.49999999999999994 0.7142857142857143 0.6201194304088192
1 0.5019112873153354 0.7019598277947264 0.1200231123282704 0.06667283981405737
3 0.512016403937631 0.6359377694444559 0.04860746435100431 0.03365132147377306
0 0.091105043458033 0.15379145404151484 0.13331961269574613 0.07618263582614096
0 0.20322288486254106 0.1433702444237876 0.13475702091888023 0.09630635095002625
0 0.326121287940561 0.1302538943876833 0.12110164279910067 0.10097792767521431
0 0.4729166027281944 0.12324652929990176 0.0984624632847285 0.08768190161121828
0 0.6055175113123735 0.1268400498577387 0.11714877018548076 0.0905567180574876
0 0.7365013356455261 0.1358238512523313 0.13619442914201546 0.09918116739629666
0 0.8597590907793285 0.15073696156735322 0.13906924558828476 0.10025922356364725
0 0.9569638218688147 0.16870456435653786 0.08607235626237064 0.09666570300581087