0 0.5000000000000001 0.5095249137537594 0.7142857142857143 0.5576131837524381
0 0.8499157532113923 0.4601973142481315 0.15466851879242002 0.22991134866298
0 0.9588867550878687 0.4850309442430869 0.08222648982426262 0.16422239190212842
0 0.9320348514572849 0.4874522332846457 0.11446078293816216 0.17468100468774722
0 0.7789610059176393 0.3233193119750824 0.09355064557842753 0.08209420117854889
0 0.9345124988173398 0.40992064576735565 0.06247173983257309 0.035735122865956925
0 0.47551787163539905 0.2228263515912243 0.12149026791560934 0.06989274931710915
0 0.3654859881614435 0.21107561299115762 0.12117633957474228 0.08759934172816898
0 0.259268334029026 0.19581038407919912 0.10254992468328741 0.07458231348900783
0 0.13395860463286582 0.18749365128006523 0.10621242199340421 0.08906952546169354
1 0.6955665540483449 0.3585299141123101 0.1413886649027108 0.07178025555829325
1 0.718121693457577 0.5745533226249497 0.032774118786536056 0.021634236545876148
1 0.8757765062410876 0.5616114132626838 0.027123408650926852 0.015066700451592701
3 0.6826611547366488 0.2994621443820164 0.03888577345495175 0.02880072132596666
3 0.7468290371494964 0.5042176188894759 0.011118294744331939 0.01609690123433371
1 0.39232983942875743 0.23571236357788622 0.026160693516074647 0.011625539780352386