0 0.49999999999999994 0.47059171444910214 0.5468327879464805 0.7562975507869971
0 0.13319771873533398 0.23340368650587906 0.09396183003064024 0.10933740221747078
0 0.18169483600796718 0.20438229400323488 0.09041690644311957 0.10878217322183589
0 0.28289599794323905 0.17062010007631562 0.1234316767220668 0.10677480685300002
0 0.40688290366094204 0.12974670401298766 0.13838014968148676 0.1012225168966435
1 0.43234102793204543 0.800545057684606 0.19648906956721043 0.044488091222765126
3 0.40638964138543326 0.7477154493575726 0.06302479589891676 0.03892707981991975
0 0.5415109657595182 0.08826233205599705 0.14318856666685476 0.09511442695560046
0 0.4866123537743058 0.07418536732761122 0.07807739688276435 0.05504306906677646
0 0.46447546730179856 0.05563824622902365 0.0702995719059376 0.044273772945015666
0 0.6042314912524902 0.052120700073632925 0.06547732396875156 0.06160037715481274
0 0.6724281861712713 0.05443510676752836 0.10346796054037483 0.08262549366893268