0 0.5 0.5 0.7142857142857142 0.635186960690317
1 0.754593764725729 0.6503288944528774 0.10173458668659724 0.05806768646495229
3 0.7825041426675691 0.5930916640165625 0.022537684851749226 0.024572739496353857
0 0.07824003422524466 0.07587420599109314 0.1528316238532452 0.12366940587418111
0 0.24052237686800224 0.09288549981221408 0.18145380075862283 0.12204928265312184
0 0.3857934256896382 0.10962677309649178 0.1695728971375229 0.11988911835837615
0 0.520533673574389 0.13581876517028055 0.16579260962171932 0.12258932372680825
0 0.6396127303222348 0.16282081885460029 0.16093223995854014 0.12150924157943542
0 0.7211589324488776 0.18145223589677917 0.12744969338998471 0.11880903621100332
0 0.8070254631650133 0.20899433065478465 0.11016837903202194 0.10800821473727623
0 0.8726404536179075 0.23518632272857476 0.0955872700424899 0.09882751648460705
0 0.9301548279655066 0.26110829426552024 0.08424640749507366 0.0977474343372342
0 0.9733581138604177 0.2775795470129548 0.05328377227916459 0.09720739326354778