0 0.5 0.5 0.7142857142857142 0.6339256256775231
0 0.05012014246607096 0.0786821091072802 0.10024028493214192 0.1207046214992432
0 0.2138662549885321 0.08605365480463575 0.18531224018431297 0.13958584325571638
0 0.36789201306380515 0.1149334844437496 0.1564324105451998 0.12514592843615982
0 0.49002962591255683 0.13839834602552922 0.15763573678016252 0.11912929726134361
0 0.6042493521352504 0.16376446305855133 0.1588390630151252 0.11840730152036623
0 0.6843908793837904 0.18037036510104065 0.12562725893014384 0.11696331003841015
0 0.7731963555240654 0.20925019474015458 0.10685536966472041 0.10252339521885352
0 0.8381759722120714 0.23524204141535693 0.08375150595343013 0.10252339521885356
0 0.8981016187132319 0.2569019136446925 0.07364356557974037 0.09385944632711996
0 0.9363673929850576 0.27639579865109404 0.08952747188125304 0.09241545484516374
0 0.9746331672568824 0.28939172198869517 0.05073366548623515 0.07797554002560722
1 0.749799688928689 0.6461092520148939 0.11099589951453992 0.04477541594004837
3 0.7769005985766128 0.6025121364943216 0.03794127350709364 0.032992411745298315