0 0.49999999999999994 0.47059171444910214 0.5431254470112501 0.7562975507869971
0 0.13296275405473318 0.23247196575411835 0.0949446317364302 0.10914195984655062
0 0.1941887315296284 0.20682804185521372 0.11091662586031605 0.11535329089472746
0 0.280703699700674 0.17044738857303138 0.11712795690849276 0.10647996082590323
0 0.40714865318143345 0.12918640375299303 0.13576195005302608 0.10204329579149042
0 0.5429106032344595 0.09324941697425099 0.1393112820805569 0.07808530460566238
1 0.4351215336334688 0.8023987281522212 0.18722071722913342 0.044488091222765126
3 0.4054628061516256 0.7504959550589961 0.061171125431301515 0.03707340935230317
0 0.6070186195309798 0.05348491698590024 0.06820554672485786 0.06389782798434043
0 0.48841276354207086 0.0739824786595285 0.07610303108247314 0.05312853113304686
0 0.4655818542173279 0.05545928807530298 0.07179531234195571 0.043436163966883365
0 0.4044122481019823 0.08546972863424165 0.10051343727873858 0.04020537491149457