0 0.5000000000000001 0.4742816997376852 0.691191642809558 0.751026143231878
0 0.12027304358447694 0.2681396612906757 0.09600062222689994 0.12563044390186887
0 0.206199526441888 0.22144306233092395 0.1374823725718567 0.1339267939708602
0 0.30634832370328197 0.187072469187961 0.13155640823686193 0.12918602250286537
0 0.4379047319401456 0.12247945793652829 0.1718529657148207 0.11851928669987578
0 0.6008687511524756 0.08218290045857057 0.14696391550784627 0.07822272922191885
0 0.763832770364805 0.06914577892158356 0.13392679397086024 0.11140812949788274
0 0.9521594654923545 0.06177349229448895 0.09568106901529094 0.10581401406278873
1 0.35660352484995683 0.6754494166747949 0.1980728289842311 0.05570798315181578
1 0.16708816183092778 0.27714712707986533 0.021333471605977584 0.017777893004980998
3 0.30192717101576905 0.6073618817114658 0.035075396799290455 0.03507539679929045