0 0.5000000000000001 0.49388671917905524 0.6602836712004961 0.7230189726013495
0 0.8216609203339621 0.10523649004501075 0.15538686680340955 0.11851540688395582
0 0.643496437965087 0.10419388728055719 0.17743250258475188 0.08323993948420567
0 0.4704449848268715 0.1359564957679508 0.18181355203128902 0.129240958672844
0 0.3313466648993191 0.17648120314841978 0.140193582289188 0.11828833505650178
0 0.20320096858810807 0.20057697510437364 0.12047885977976959 0.10952623616342731
0 0.10024630659448738 0.25095904373955014 0.12047885977976959 0.11390728560996456
0 0.02357794128008751 0.28381691458857766 0.04715588256017502 0.11828833505650171
0 0.7348861570838024 0.08118141704408223 0.08426759356283083 0.06731130949226166
0 0.8877496271139383 0.07809845630397871 0.08478142035284801 0.07244957739243392
1 0.3337578185780994 0.7912750854718147 0.1702521739764648 0.05748774705698877
3 0.32380801620285077 0.672982990566089 0.09286482216898075 0.03758814230649146