0 0.5 0.4703528747568102 0.5647108722105083 0.756638750347414
1 0.42433612496525935 0.7969993596628893 0.18454603667010036 0.04429104880082482
3 0.3975769496480945 0.7462491995786116 0.0682820335679375 0.035063746967318614
0 0.12585925919299765 0.2320127044879217 0.09520779344385046 0.10850257541123406
0 0.18740123378395504 0.20713859629087977 0.1145066704932788 0.11793758196873375
0 0.2774270352689877 0.169219983852887 0.1283017954557828 0.10900291814488479
0 0.399653258238005 0.1290139894551839 0.13902339396183724 0.10221257242438435
0 0.5333158529468157 0.08880799505748005 0.14188248689678512 0.0968517731713564
0 0.5986872302750516 0.04913755322960895 0.07237078501333034 0.05837314346754237
0 0.45558368213140904 0.05554072968140603 0.07147731853168428 0.04377985760065606
0 0.6630113370687732 0.05231871596101536 0.10078302459146331 0.0844861950830566