0 0.5 0.5 0.7142857142857142 0.5552355898406356
1 0.7761655769337011 0.6395170867349075 0.06683603968756639 0.03777689199731946
3 0.8022801139266372 0.6111482541909807 0.01692167678669114 0.01888844599865973
0 0.14929945186731872 0.14121424316496942 0.16324232021948562 0.11755108555245421
0 0.17002665741172762 0.07529425278626195 0.2355175459655186 0.10467446487356424
0 0.2884088084211564 0.16709236018331228 0.15152875393823312 0.11414501530215562
0 0.4315836581923506 0.1985247027389317 0.11484284639637916 0.09761641943692279
0 0.5121873974022272 0.22392601992093172 0.1332661052060842 0.1075936303936565
0 0.5923778243444168 0.2542137711041337 0.1251893715572307 0.10701672084731094
0 0.6582027488321094 0.27818399232066404 0.07892122247673454 0.0917286138435725
0 0.702786316617213 0.2922028936816634 0.12745085138567347 0.11803568800248446
0 0.7649767085538705 0.32181119315182455 0.06280468090860962 0.08074887545392702
0 0.7841670277203897 0.3320294150456857 0.0682876292419012 0.08324112469633192
0 0.8140740186292524 0.34224763693954685 0.0862318237872186 0.08772717333266128
0 0.8607538469395002 0.3694131536817632 0.06893561404492696 0.0782566262115221
0 0.872034920325382 0.3712544513686397 0.08821908640865356 0.08942098131885216
0 0.8968520100210571 0.37941967121305165 0.0878542143649669 0.09084868094442747
0 0.9381794388274186 0.40341948195964517 0.032217459478150134 0.04440333793361582