0 0.49999999999999994 0.4557744681450624 0.7142857142857142 0.7694625978351627
0 0.832093866377242 0.08433363961348872 0.1688629393906791 0.09404798465133227
0 0.30991769995375534 0.1640131821653105 0.1324924601373018 0.1071102047417948
0 0.22418728457079506 0.19536251038242172 0.07533884988199481 0.09666042866942537
1 0.3600508905852413 0.654994000601197 0.1981097782624508 0.06762497890712857
3 0.3255179934569236 0.6001629366224439 0.20901490367139272 0.038381744785127674
0 0.174145553503197 0.22638222857908702 0.08616370878133572 0.09301743003238634
0 0.11805466857103368 0.2544998261505211 0.0823623686880419 0.08961953304490244
0 0.06749684533021981 0.28287226599601617 0.07053597728668183 0.08367321331680456
0 0.035058743200775906 0.29557190598673927 0.0582872147638445 0.0662589912559466
0 0.011194774837317798 0.3127737594858801 0.022389549674635596 0.07347952235435147
0 0.40877271148374755 0.13633795841075033 0.12713370756461875 0.08282373906993323
0 0.7356368107589486 0.061495464584778406 0.06550662994874505 0.04620982429459719
0 0.5242912132077441 0.09386424606719454 0.10897174934110138 0.045446872207604724