0 0.07341269841269799 0.5087301587301599 0.14682539682539597 0.4543650793650799
0 0.5 0.5 0.7142857142857143 0.6984126984126978
1 0.372458275010348 0.6699582545408812 0.1307696930023023 0.07973761768433053
3 0.33837000323584165 0.6069651082534926 0.051164968633010295 0.037210886278553186
0 0.1284113902103638 0.23792289826044596 0.1405727303058599 0.12613553097714966
0 0.11222652991028496 0.20737682389128156 0.09118231154974708 0.06306776548857483
0 0.22097568954724203 0.2099594296772076 0.15209208030201507 0.13130251536864634
0 0.34221167873762376 0.18271415773821234 0.17725839574767224 0.12911414011250213
0 0.4782060417744548 0.14967330550962613 0.1825310842493273 0.11889639432754423
0 0.6358693590411902 0.12061904576902197 0.17750729293971226 0.0988012290890855
0 0.7902045802567663 0.12886890873346302 0.1389683035954288 0.1133841807577776
1 0.28820473023443377 0.22605278502293163 0.031899394658001914 0.015344012620305063