0 0.5 0.49999999999999994 0.6260032102728722 0.7142857142857142
0 0.008761509138083642 0.36623876271924893 0.017523018276167285 0.5149812836057859
1 0.4946279037710359 0.6972080969799354 0.23144813352271978 0.06532810220399327
3 0.48488093722581443 0.6507749510660857 0.041270445266034725 0.03344922919999328
0 0.9034108997236197 0.11421118880975262 0.13652116985246945 0.10352101952389307
0 0.7822596629008985 0.08640969230006154 0.14284996580589573 0.11482244086929598
0 0.6470946636098764 0.06877947500123237 0.1347129424372048 0.11663066828456063
0 0.4967857597160146 0.054765712532932505 0.1270279759223312 0.10953142506586501
0 0.35235359492176344 0.06019039477872585 0.12657591906851504 0.09764428042428297
0 0.2083731867174257 0.060225949402597734 0.18579536691842768 0.11527449772311213
0 0.07976346093824832 0.0803067198492113 0.13380805216929503 0.09900045098573146