0 0.5 0.5 0.7142857142857142 0.6501555288173828
0 0.9431078264461685 0.48241256669723737 0.11378434710766294 0.28629338031268464
0 0.9212614808038972 0.3322003947922225 0.11585946962052543 0.07299146586093186
0 0.7596954504180758 0.2711424543022054 0.09037038630400986 0.0932668730445233
0 0.6742490915729376 0.2401500461787144 0.14656222906996516 0.11933525370914162
0 0.5809822185284149 0.22190217971348172 0.16278255481683904 0.10253563061416503
0 0.3773592006703398 0.14804176783039646 0.1795821779118156 0.09384617039262601
0 0.22876943088201465 0.14891071385255047 0.15467239194340146 0.09674265713313938
0 0.09726893286271864 0.15093825457090923 0.09674265713313937 0.1065907120508838
1 0.726926366984606 0.6503182138733938 0.06622399261282644 0.031050077122496852
3 0.7594561592475836 0.594299920566841 0.027121651404096073 0.02712165140409623