0 0.5 0.4999999999999999 0.7142857142857143 0.42588866532528474
1 0.20171410514333793 0.5945876770251947 0.06671005862207333 0.03706114367892947
0 0.14662166851811428 0.5354747161683373 0.29324333703622857 0.3869144950964975
0 0.0185901956509055 0.543370930353981 0.037180391301811 0.31697659802366224
0 0.85974813805904 0.2032079360494262 0.22586724552285248 0.16313359727214197
0 0.7180915129767876 0.21495825518067257 0.21542251740618842 0.15412501927151975
0 0.5956920047372904 0.21590977649264986 0.23827036016139133 0.17297974134777064
0 0.45240374150915497 0.2554315766327452 0.23500638262493412 0.18284802159234473
0 0.25399629918496325 0.3139535792433409 0.19692663298523722 0.15014295774565198
0 0.1495490242314671 0.34904133567302914 0.17081481424686346 0.13327907481045104
0 0.31193189701073126 0.3057936358875963 0.1376310446001804 0.11641519187525011