0 0.5000000000000001 0.46376337372130927 0.7142857142857143 0.7376425120818685
0 0.9296207858406415 0.05724075029775454 0.12371019627093999 0.09988490363560049
0 0.7471482463410054 0.05464302109604646 0.1381430525025495 0.10928604219209292
0 0.05002330025716346 0.2862082274321702 0.09441562379737771 0.11446179347492334
0 0.07585398978663502 0.27167339651472083 0.05344280592304483 0.09265954709874795
0 0.12662465541352724 0.24623744240918147 0.08016420888456711 0.0999269625574726
0 0.19966315684168764 0.20081609579214907 0.09797847752558109 0.1035606702868357
0 0.2611223836531878 0.17810542248363137 0.106885611846088 0.10537752415151726
0 0.34484944626595765 0.14540205291936814 0.11757417303069684 0.10174381642215416
0 0.46865861332101094 0.10543126789637809 0.1371698685358138 0.08720898550470337
0 0.6076099087209257 0.06091834821168633 0.14429557599221896 0.08539213164002181
1 0.39590811198851467 0.7895707363778172 0.1722900215362521 0.05308097481482468
3 0.3068967460662692 0.6667788365591308 0.07874472898478849 0.03143001899484814