0 0.48294677734375013 0.3508809965400286 0.14558105468750027 0.3274609178112397
0 0.30089583396911634 0.47295677595241087 0.21769075393676784 0.43344085365213353
0 0.1728006627785601 0.49082145444808506 0.15248323015917098 0.31454613470262016
1 0.481370554048385 0.3926490936722853 0.048415425324718875 0.031846951466213205
1 0.2307043648732019 0.5741766271695851 0.04044259881924761 0.039213289203397374
3 0.4830753243833972 0.361797175681867 0.009218104168728924 0.017227995023661482
3 0.2218534648687247 0.5454792234891483 0.009518904757970681 0.020577436253749637
0 0.12367966341025949 0.4803919614523561 0.07085030767327138 0.19542280150149494
0 0.3318176659349388 0.2176947125414274 0.05615941060453 0.09357443557422793
0 0.3776266182949244 0.20209890138408584 0.054012706856156 0.08892307373008182
0 0.42982739728529884 0.18385827087535173 0.04969859289000933 0.09500328389966002
0 0.4845303623760384 0.1608674761716341 0.04417652701334163 0.06498224618736723
0 0.5425983363603724 0.18347825773975301 0.049871157448655445 0.08740302118768703
0 0.5953513219384139 0.18838042718897502 0.05332244862157287 0.09196317881487043
0 0.644152773778421 0.20529137137953668 0.05611799766337633 0.089379094576283
0 0.6903621139207912 0.2237600108200436 0.05576596594371663 0.08326848300831219
0 0.7285748390013345 0.2443011864672738 0.045537867604240834 0.08655854367839066
0 0.7537405026773625 0.2528778714354073 0.06159595775942073 0.11004546559112495
0 0.7851616313242886 0.28024409393372784 0.024806154194941588 0.07098856173624099
0 0.7982597600851931 0.28959927799896834 0.04548993300676285 0.08969892986672197
0 0.8207442401612994 0.30960522756515607 0.02785199963199636 0.07123047136132281
0 0.8356588910936718 0.32377874988450533 0.02854105950098429 0.06751390771202838
0 0.8469732947723609 0.3340265061338976 0.027802066537326198 0.06755788774898779
0 0.8525576753785655 0.33851277211723 0.024326808220160423 0.06043264177546183
0 0.8632590742655621 0.34796032048212727 0.03086988077592734 0.06771622654839991
0 0.8822760161926566 0.3694000639043205 0.02512627964632408 0.056745437646588806
0 0.8952059630179547 0.38636311288052533 0.0190739641110782 0.04260956349975146
0 0.9204239444148126 0.42683210115232684 0.027235419908606673 0.04967750057317013
1 0.9152519656846936 0.40255878583161575 0.01723992910039751 0.018578577450128943
1 0.8929594550642597 0.3932260712162529 0.001986871361655762 0.00319740026570505
1 0.875550371058349 0.3767641494636141 0.002469142800356927 0.004869335055494742
1 0.8589850025693859 0.36162863299945047 0.0029482302093817303 0.004301245965687348
1 0.8466945678840263 0.35087551808523304 0.0030587888422335396 0.005356268561044216
1 0.831617646407347 0.3378736615801773 0.0034052055058020336 0.006817068304870543
1 0.8167704292439313 0.3240609845074682 0.004075633391285027 0.00813373717658588
1 0.7925842422359914 0.3041195743377836 0.004508669628372708 0.008750779674561292
1 0.7797689219533117 0.29476297145498365 0.005884195955673022 0.009087348123583031
1 0.7433771873149291 0.2725940613383789 0.006304495402144283 0.00813373717658588
1 0.7078793205730123 0.23355809620410317 0.00752687938051011 0.00930544363480744
1 0.6598901702501516 0.23195910693814678 0.009793747154371424 0.010177829590799275
1 0.606162215822166 0.2098804086117344 0.009323011773923806 0.006731368980431838
1 0.5488576884663208 0.20602987440920661 0.009133494537223008 0.01066248814274126
1 0.4238909706368825 0.20499975319903668 0.013850785030181889 0.010050307196456498
1 0.36513943602745136 0.22477356248094071 0.008253157963801439 0.008582495450050912
1 0.3152446359147725 0.24111088899107583 0.007450767293442961 0.007993500328714334
3 0.31488911742800085 0.2336462766241942 0.0033904647407889676 0.005599735313818954
3 0.36468092725168466 0.21375094577548245 0.0029038889131891565 0.0063948005314101
3 0.4228886163352721 0.1871956951476785 0.004508669628372708 0.007572790102985696
3 0.5490522608538881 0.19504308446506502 0.004457724021718068 0.007011842393608619
3 0.6061622158221662 0.2018027658352161 0.003515233947545049 0.006058232082389339
3 0.6608266897397188 0.21867235293501278 0.0034936524020565685 0.006427521544592505
3 0.7090527123476995 0.22806886213896285 0.008979129815175124 0.007432552937225214
3 0.7444278324961 0.26472886539510315 0.0022480255346533085 0.004950490639752662
3 0.7927894589515787 0.29779903861654555 0.0017247144769645395 0.0034085341524352714
3 0.9125336032455322 0.41164497668421784 0.0029431116217568665 0.00586123637719724
1 0.11591006487319566 0.5748061619992929 0.01267684948296477 0.02529917488213135
1 0.10264304096468724 0.5647775338800604 0.008278630326048031 0.015005342722322953