0 0.5219075891405767 0.5041338846465023 0.21415654207026558 0.5530864267737343
0 0.6763110493560156 0.4216343226288128 0.1933076570198975 0.3522630748170193
0 0.28974626064300546 0.46674337380601927 0.24345736503601056 0.4615340426389202
0 0.16437764215298523 0.4839895339529766 0.11495254509383956 0.3028100689707552
0 0.1209066638659162 0.49720743378900134 0.08112157454407054 0.223502669954605
0 0.2200476624335601 0.27879528051236424 0.04517350373904616 0.06889474138121342
0 0.26734095841926053 0.2382310869888462 0.05145978419464159 0.07533350225796254
0 0.29030781096749436 0.19708740498642074 0.02485273668491228 0.029618300033045122
0 0.33065207004547137 0.20899914372151518 0.05642046928405797 0.0772651305209874
0 0.37824264106146277 0.19644352889874464 0.05540698355048068 0.08370389139773546
0 0.4289714624124308 0.18485375932059714 0.04868212538868111 0.0901426522744846
0 0.48774087504381103 0.17744918431233658 0.04020295640206362 0.07726513052098737
0 0.5414616648107768 0.1780930703716363 0.047376454621553155 0.08112838704703607
0 0.5950462204951377 0.18791217073705305 0.05569936868795011 0.08660133379227326
0 0.6450440790024319 0.20288228977549425 0.05657652410035885 0.08885490009913537
0 0.6850277465513934 0.21801337783585412 0.04795116254500709 0.0837038913977355
0 0.7185058447916575 0.23378834198388865 0.04473492603284157 0.08563551966076038
0 0.7533873916917759 0.25493967146400887 0.04093391924573808 0.08080644900319876
0 0.7863538159414674 0.2826263432340301 0.028507550903281498 0.07501156421412522
0 0.8011923616680474 0.29196254650531495 0.04385777062043328 0.08982071423064729
0 0.8166156776695668 0.2998500285793329 0.046635429426394204 0.0991569175019331
0 0.8426379549043568 0.32544410306440974 0.02412177384123826 0.0724360598634248
1 0.7213339764578328 0.5731722218119518 0.03737698382028842 0.033270060485034676
1 0.5260861337635871 0.6448932558701462 0.0765994865833255 0.05064495808835166
1 0.2104830654635783 0.5854753715163262 0.03501001091815459 0.03721939314220768
3 0.7381015000871094 0.4829140725280805 0.009315136982109173 0.01859020885891883
3 0.5246300509619 0.6020081833110472 0.019994941887351292 0.02907765133871679
3 0.20159304373249354 0.5550948479067889 0.006549705108695569 0.019423561323633085
1 0.12301965456428832 0.5725315517096499 0.013303523754864877 0.017706592411059808
1 0.24799134590495764 0.26665418483943815 0.005786788834852619 0.0069306102536717835
1 0.20354495796621608 0.302559673781632 0.005482221327554271 0.007243605986342871
1 0.313576826212403 0.2405380851280678 0.00989845507661391 0.007265962722905447
1 0.36708770515221856 0.22172110474310747 0.012351918300732123 0.010992097452599997
1 0.4216764532325652 0.20561876314811187 0.013742101461069023 0.009980079358960484
1 0.48943670884113466 0.19773128107409488 0.011841598067516834 0.008370389139773941
1 0.5469634846382696 0.20445978619029795 0.011403020361312688 0.00643876087674911
1 0.6076453481216004 0.2131319882352781 0.007918763668745665 0.010284131344157088
1 0.6618888792525084 0.22757448573163916 0.009543125446949574 0.008942722907962771
1 0.6985893031788093 0.24344781889327322 0.010050738502638268 0.010284131344157088
1 0.7331577522712189 0.2612214806728501 0.005685266223714791 0.010507699416856305
1 0.7640713873626677 0.27933049456147535 0.007208105390780872 0.00961342712606042
1 0.7969139520657347 0.30694115153981094 0.004263949667786093 0.005812769890175704
3 0.7980451196644882 0.30034154771326654 0.0015275393706861706 0.004528288754789427
3 0.8202592830828479 0.31686795506587023 0.0017766457829822002 0.002421987574302142
1 0.8194978634615695 0.3232955374745934 0.004314711187242359 0.007824882932359336
3 0.7678905335749486 0.2576224128637189 0.002622667584401661 0.005775508831027432
3 0.7335420484372963 0.2540825848705085 0.002622667584401661 0.004657668412118675
3 0.5474221351946793 0.19392749079042818 0.0024365426673065294 0.006259906035574136
3 0.6084372244884755 0.20052274893505112 0.0032487235564082617 0.00603633796287492
3 0.4212669413151564 0.19457621323727953 0.0037224959262478485 0.007079655986420817
3 0.3658948144122165 0.2118654783830641 0.003384087205680064 0.007452269459390076
3 0.3130692131315509 0.23412913339299202 0.003214882845396172 0.006893349249936188
3 0.2477832643385005 0.2603954259634779 0.0021052625539521586 0.005175187049356096
3 0.20185916490577238 0.288104239956903 0.002399020119620232 0.005822085430525242