0 0.4781792899743966 0.48684993380982244 0.18724681950646227 0.5333333401032431
0 0.6925429105758667 0.4867425340221778 0.2338106632232666 0.45866546959005455
0 0.28819046341173316 0.49103453847820694 0.2296981386621777 0.4358138792720452
0 0.16728068254054174 0.5012291593366708 0.13052207166104068 0.3008874760472075
0 0.12079037942381632 0.4920967918528101 0.0759559881907057 0.2057185938469721
1 0.2094267689452558 0.6125776787976598 0.03563039958961989 0.0346162515937106
1 0.4822697399904521 0.6130770631451591 0.02279297377825973 0.03884712264726617
1 0.7742314796164791 0.5855539250535027 0.03804069132656496 0.04823197722057007
3 0.20361063018871484 0.5943464529583057 0.03405847019596031 0.01615425074373155
3 0.4815274400781333 0.5793262214392417 0.01152748099130374 0.02711606085774576
3 0.7833905882168697 0.5549993136467883 0.008802804604494341 0.02146207598810097
0 0.33192492537846685 0.21708609227112627 0.04825056426447505 0.08900942914025373
0 0.37562831604733726 0.20067497877339127 0.055323945413193965 0.09067835593663286
0 0.4291839161733515 0.18454201974172046 0.05128201332821192 0.09067835593663286
0 0.48829717291621644 0.17591923129375867 0.04319814915824738 0.08455895768324075
0 0.5446316013506562 0.1792570848865189 0.04875580577509808 0.083446339818988
0 0.5993239948755715 0.18482017420778413 0.06163946429597855 0.10347346137554445
0 0.649974456315505 0.2059599136285943 0.05178725483883495 0.09123466486876021
0 0.7233607857334632 0.2691009774249617 0.08892250586960859 0.12850736332124124
0 0.7530437244825516 0.25380248179147996 0.042692907647624345 0.08567157554749351
0 0.7809583179444592 0.2735514488819747 0.03688263027546235 0.08177741302260788
0 0.802683702901239 0.2938567249045948 0.03031449063736691 0.07343277904070927
0 0.8226095729876928 0.3108281158741897 0.027191817784668615 0.07050443160040094
0 0.835109037614516 0.32273982349617547 0.031139017140507264 0.06921667942505073
1 0.3186612355179552 0.24286654190425525 0.007208105390781316 0.007601314471768454
1 0.36272204875174485 0.22603186603001602 0.011269009836291755 0.010954835562254737
1 0.4216559245172171 0.2071403638869435 0.013400984670184801 0.008942722907962771
1 0.48891465439598547 0.19625259874649856 0.01451773339270046 0.008719154835263556
1 0.5508129904066805 0.2001650400187324 0.013807075114736111 0.00961342712606042
1 0.6125162324589439 0.213377470004595 0.008771554124086478 0.012233645665822624
1 0.6628795723880745 0.23204987654716674 0.007748206142943026 0.01094589349047339
1 0.6918257009975606 0.24943453091438925 0.009210131830291068 0.015453026104197668
1 0.7673534230440291 0.2813332609363056 0.00542864004194854 0.007452269664623913
1 0.7950958887129485 0.30081784099693565 0.005640145498128746 0.009160081462766445
1 0.8135321143099556 0.31913800392246955 0.00303157820524369 0.006675991574559126
3 0.8139551252223152 0.3128501513929433 0.0019035491056182963 0.004347157304363786
3 0.7952016414410381 0.29421947723138353 0.001762545468165122 0.004968179776415616
3 0.7677059321376625 0.27426913031671357 0.0021855563805246447 0.005433946630454488
3 0.6636352669859606 0.22168384339581074 0.0036378937461059024 0.007638576195874706
3 0.6129585610809023 0.19942018838588235 0.002453463224118213 0.0037261347296945494
3 0.4887202595423734 0.18377042252116416 0.0037224959262478485 0.007079655986420817
3 0.5509874641268864 0.18842809093328283 0.004230109007099969 0.007079655986420817
3 0.4212669413151562 0.19597351376091474 0.004230109007099969 0.0065207357769659505
3 0.3616985462771729 0.2117723250148218 0.0036378937461059024 0.007265962722905447
3 0.11138272609300048 0.5770386843233747 0.004507604202655724 0.01287752175349822
1 0.09688529636013476 0.5786483745425617 0.00767510985857589 0.016096902191872285