0 0.7476408647014798 0.4229238295877661 0.1357208892551487 0.2310051747921926
0 0.6432547385233669 0.41167125792907455 0.14085773566121995 0.2451750798438785
0 0.5168504238128664 0.3923617194521079 0.11590852737426793 0.2778412984472266
0 0.39031726724524685 0.39267856556246794 0.12516682926233003 0.23222349879827386
0 0.2963794589848625 0.3979843455487191 0.11490314487376185 0.19018897097946708
1 0.25979138671811297 0.4251883701703738 0.01823438096645269 0.016615800764981443
1 0.364466751415669 0.4237704009538433 0.02746474994441428 0.021268224652690102
1 0.5148406772226308 0.4711451594993216 0.035311820056143084 0.026718206235587023
1 0.6747398418871142 0.45004973994913433 0.03368204374585959 0.026319427038040785
1 0.7899778256192804 0.48392528206413477 0.0195552606135605 0.02076975095622656
3 0.25638041496276864 0.4094589327224282 0.0029618263244630683 0.010246410471738274
3 0.36151454187929644 0.4036987815614925 0.006085724383592339 0.013292640407931313
3 0.5156737165193515 0.4185483345934142 0.009778657861700957 0.01903236307123695
3 0.6797266721725466 0.42970569702886735 0.009394311904907582 0.012852464286229296
3 0.7957565683511445 0.46165474840389814 0.004149893599261656 0.010346417170699512
0 0.22945689460906182 0.40496274482891614 0.08700258812924222 0.15687911885969727
0 0.0993158733797117 0.454954358945032 0.04462966585416739 0.061193981275878724
0 0.8257732399367002 0.45323923395886123 0.09549064550770492 0.20138383342982316
0 0.866192560786522 0.4690940385244684 0.04850318501978634 0.1396335419637727
0 0.8985323917120698 0.47827264847294004 0.06264095529913849 0.12127647974157788
0 0.6540115311686236 0.28117762203676216 0.05122587608466622 0.0826736896574559
0 0.6106800537956354 0.2635998048432372 0.04526121928028726 0.06219843006939466
0 0.5690151717062242 0.25780492005416367 0.03947199355839004 0.08306001531006088
0 0.516210415879222 0.2379091489450094 0.04192802871313406 0.04249582178654236
0 0.4670897127843372 0.24814677873904 0.04508578819780551 0.07533350225796254
0 0.4255125462361662 0.25336217504920655 0.04262975304306105 0.06258475572199963
0 0.38674227700770336 0.2587707341856756 0.04789268551751302 0.0710839200793079
0 0.3476211456142766 0.2707468294164291 0.04262975304306105 0.06490270963762942
0 0.3143769554839886 0.28117762203676216 0.04491035711532376 0.05872149919594997
0 0.2870097066168378 0.29527850835684244 0.04175259763065231 0.06606168659544433
0 0.26420366589421285 0.30049390466700854 0.04315604629050629 0.06181210441678969
0 0.23034546697523828 0.32348028099700205 0.04105087330072532 0.06606168659544433
0 0.20762714179385378 0.33874014427489724 0.031051301599266612 0.0571761965855301
0 0.19411894844276034 0.3460803316743906 0.028946128609486088 0.0548582426699003
1 0.19684425441375208 0.4432953190789787 0.01035530633605175 0.013190516289245918
3 0.19308791780165468 0.4320051314076751 0.002030452222755219 0.006259906035574136
3 0.8679658174376579 0.4953469056996226 0.0030456785153081256 0.008048451095935653
3 0.8867058353663757 0.4888477035149438 0.0022842588638338768 0.006893349249936188
1 0.8634486960453387 0.5082794961303025 0.00939084199576179 0.010433177243146107
1 0.8790154971914674 0.5258854827281119 0.0068527765915025185 0.009874257033692218
1 0.9128986703383384 0.5212278143159936 0.004737722087951646 0.008383803141814203
1 0.5720413683955867 0.28127553679395706 0.011776622891980448 0.008719154835263556
1 0.6199092795470424 0.2887650672293769 0.0110659646140161 0.006259906035574136
1 0.6674218615595167 0.30676229708165254 0.007817241057607838 0.0082720186898661
3 0.5727012653679826 0.26886750875915894 0.0037563366120973996 0.008048450617166886
3 0.6199600408526118 0.2817226729393555 0.0030456783341330507 0.0038006572358847157
3 0.41584883116013693 0.2671907482139153 0.002538065278443913 0.005589201817476488
3 0.4600619283106331 0.2537766638519711 0.0024365426673065294 0.00603633796287492
1 0.4606203026718909 0.26182511446913803 0.008629421946710014 0.0069306102536717835
1 0.4158488311601367 0.27523919883108267 0.010456828947189578 0.0046949295266806015
1 0.37493521887161796 0.2792634241396661 0.00639592450167914 0.00961342712606042
1 0.33483378747220116 0.293459996756057 0.008629421946710014 0.007601314471768454
1 0.2991993509628459 0.3073212172633996 0.006802014946230006 0.007154178326370022
1 0.2706714972331341 0.3181642687893052 0.006802014946230006 0.0069306102536717835
1 0.24803195494941277 0.3259891513337729 0.004162427056648266 0.005589201817476488
3 0.334935310083339 0.2861940343933374 0.002741110500719568 0.005142065672079033
3 0.29848869268488154 0.29971990279163113 0.0017258843893421805 0.005365633744778249
3 0.2707222585387028 0.31134544257198354 0.001827407000479564 0.0044713614539813856
3 0.2476766258104306 0.31950567722549905 0.002030452222755219 0.0046949295266806015
1 0.213543929774201 0.34967401920472546 0.0025263151130583417 0.005433946505747117