0 0.7810580528214264 0.4828317504911573 0.24015443219589924 0.37923636666876553
0 0.5673173083624153 0.26109718444091046 0.11978744400862823 0.11792546301367567
0 0.17646965418928084 0.594509454528574 0.1677704151876822 0.3948981994914732
0 0.08165729455361057 0.5783210811332716 0.07726269120485382 0.18886435627853101
0 0.18451037777832832 0.39085630659825155 0.029571565059822395 0.07255985871160069
0 0.20795200383095824 0.37189490955758003 0.03942875341309613 0.07803607446341942
0 0.2312088076019647 0.35854663366252104 0.04897790463033077 0.08556587112217094
0 0.26416878115822473 0.3321923453568932 0.044665384725773284 0.0848813441531938
0 0.34687675218491537 0.3027576856908653 0.12629522577632438 0.1150005307881975
0 0.4571918965787434 0.23664672387060656 0.04781415254094315 0.10767038794405011
0 0.632191694878595 0.23381329260892028 0.05355185084585611 0.08500293785056529
0 0.6761807152162622 0.23523000823976342 0.058652027116890194 0.08783636911225155
0 0.7211260186047492 0.24868880673276986 0.059289549150769526 0.09208651600477961
0 0.7587398186036245 0.25860581614866845 0.03506371186335855 0.07508592843466606
1 0.256733745872823 0.8740801287738654 0.06872586644834415 0.053196051433175656
0 0.4019862042596658 0.2448876948194272 0.05254314756323669 0.06795197590145373
