0 0.5000000000000001 0.474868931247074 0.7117161005076293 0.7501872410756085
0 0.16245937031413374 0.05400137611361783 0.12922439233515318 0.10800275222723565
1 0.6721583540417102 0.6306770505473914 0.07886583816435895 0.04616536868157667
3 0.7212090582658861 0.5989383595788094 0.03847114056797924 0.02885335542598452
0 0.8448310804758243 0.42816247753022685 0.3103378390483513 0.433801150877659
0 0.953348106833837 0.4409762961407668 0.09330378633232606 0.3937579677197206
0 0.9637890062482893 0.3061560697513285 0.07242198750342133 0.06115133740662997
0 0.8247682196425881 0.21523382108992412 0.09297864318255247 0.10281292274993736
0 0.7558352770433157 0.18461313772927257 0.10620273930920895 0.10951811336406397
0 0.6857474016931184 0.15868682496794487 0.12069343268947466 0.10728305127953418
0 0.5871809655487104 0.13387750830518996 0.1631596382770754 0.11801135480862325
0 0.4533006596199883 0.09007026295956574 0.1493022443412136 0.09387266859776955
0 0.48110485003323217 0.0594051912176269 0.09566071942820223 0.04336023263801645
0 0.5677359127677442 0.07710689443891956 0.10013084650428764 0.043807245345624996
0 0.6499862509676945 0.10191609971118831 0.0733100840477812 0.041572181807583784
0 0.3849077153558988 0.04223990324546389 0.09834279567385347 0.04648932159127623
0 0.3111506186005085 0.06392001956447137 0.1466201680955624 0.0844854017379917
0 0.264251663766757 0.036689605196948465 0.0979702864115182 0.06742441764442965
0 0.03034542664619688 0.03445399309194677 0.06069085329239376 0.06270594586348063