0 0.5 0.5 0.7142857142857142 0.6190713918273565
1 0.7642379622767552 0.6291209337060332 0.055429445316404646 0.03367865031882782
3 0.7817789259844792 0.5945652352018203 0.07998679450721671 0.023154072094194438
0 0.17519773896537655 0.1336487176043236 0.16253015548191002 0.1114253127788354
0 0.31133768878914175 0.145796590050136 0.16336793978851752 0.10388525401936546
0 0.44873431507281825 0.16841676632854644 0.14828782226957762 0.09383184234007179
0 0.5517817847855762 0.2015092464395537 0.1248298616845603 0.10807417555240419
0 0.6229934508472381 0.21742714826510232 0.11812758723169785 0.10639860693918919
0 0.6950808160125663 0.2393698855646577 0.0974506122537957 0.09842027008716774
0 0.7505937269730624 0.25706614102367986 0.15029696417252195 0.1241162026715015
0 0.9341014719385436 0.33972947131856646 0.06836087725266285 0.07223950858614732
0 0.8926485995619293 0.3215483869428582 0.06593673266923585 0.07466365316957557
0 0.8538622862270854 0.30167040135875056 0.07272433750283272 0.08242091583654448