0 0.5 0.6066653138459212 0.7142857142857143 0.6307121325035903
0 0.8459588428273185 0.476352889774932 0.30808231434536304 0.4187372560147804
1 0.719979465688794 0.7706491093156557 0.14143022431048027 0.09705840201875188
0 0.09165945244836934 0.28019912963643595 0.1833189048967387 0.12268298585315067
0 0.21670515517148206 0.22855729441625536 0.09154387160342935 0.08647513451026768
0 0.3348886684660493 0.2244068758163524 0.0936134690888702 0.08804536445141029
0 0.4573803285334917 0.21921948969421418 0.10805256457815633 0.08888656220094607
0 0.5625215155661402 0.2181264416154057 0.12071084646761343 0.09253175871721263
0 0.651610740770108 0.22939849222277517 0.10944835122302786 0.08344682240679586
0 0.726982824330029 0.2314173669584235 0.1204220645382645 0.08344682240679586
0 0.7967814166535279 0.24521301098535367 0.10511662228280183 0.07570780258680997
0 0.8138423015243694 0.23261258996860343 0.038604526860978365 0.03173963790612379
0 0.996336428503537 0.3059253118806011 0.007327142992926028 0.0342710200704156