0 0.5 0.49999999999999994 0.7142857142857143 0.4668674698795175
0 0.7796256829125517 0.45679811285079863 0.3089512440989413 0.29028975955605063
0 0.863943102432523 0.4038407439081463 0.2284887824952257 0.1694916789187791
0 0.9179902599209163 0.41748991815798225 0.1481927221674463 0.14699278109726518
0 0.7664428534014717 0.28977656519745204 0.06076090372313867 0.046872697157849114
0 0.8452873594231635 0.3201570170590214 0.049476735888841016 0.03472051641322138
0 0.8751470035385346 0.32663818012282314 0.03009111422479264 0.03703521750743658
0 0.8997478911205783 0.33724865078143973 0.02210218203122089 0.02310682666900426
0 0.40275756130091916 0.18922640687435738 0.1370766055058344 0.10124503081433904
0 0.30505402333399406 0.16818577289853776 0.14832605337409374 0.10416155433574066
0 0.20582204292593043 0.16009526109238822 0.18471314384255766 0.11631372779559501
0 0.06548230233432596 0.1536030291622802 0.13096460466865192 0.10099504171561383