0 0.5 0.5 0.7142857142857142 0.636292336268782
1 0.7495565304069732 0.6370779686238085 0.11621335828542285 0.06691072143706164
3 0.7775373775533808 0.5946905068139199 0.026892347371833297 0.029773670304530393
0 0.048134658597763974 0.07343500269585906 0.09626931719552795 0.11576251110413627
0 0.21521854962473236 0.08115250343613392 0.1883070180627269 0.14354551376912805
0 0.3699544394672608 0.11047900624918162 0.15820876517565324 0.12656701214052232
0 0.59414783597227 0.19807263965131114 0.27165602605770495 0.17827426710036948
0 0.6848284696705107 0.17684951261555198 0.13042576251065877 0.11884951140024541
0 0.7701068528505549 0.20424664024353215 0.1126755108080244 0.11344726088205305
0 0.8364773592169272 0.23241551794553822 0.09261000888330954 0.10187100977163968
0 0.8973503927700465 0.25595940063508565 0.08307032160677026 0.09780860447248808
0 0.9355359438312225 0.2724841420299813 0.09512891667871973 0.09602214594330964