0 0.5 0.5 0.7142857142857142 0.6289729006356647
1 0.7548573734359936 0.6505530450382012 0.10037229064010568 0.05555489574963958
3 0.7815235048268808 0.5936840338444738 0.021450404177616192 0.024145239357568415
0 0.06882715199120443 0.07335542117081052 0.13765430398240885 0.11922913308278871
0 0.23605762436706512 0.09232369234307321 0.17961791477407127 0.1231002088322304
0 0.38006164224627703 0.10703378019094974 0.17497262387474205 0.12619706943178322
0 0.5190332616512165 0.1341313104370382 0.16645625722597113 0.12155177853245398
0 0.6359397492843407 0.16006751795829402 0.1587141057270891 0.12387442398211793
0 0.7187807703223832 0.17981000428044355 0.12929393003133602 0.12000334823267758
0 0.8070412974096424 0.20613331937664311 0.10606747553468857 0.11071276643401778
0 0.8716882624253097 0.2324566344728441 0.09600267858614125 0.10297061493513576
0 0.9301415062418729 0.2568444116943235 0.0874863119373717 0.10064796948547183
0 0.9711749091859496 0.27581268286658617 0.05765018162810076 0.09677689373603014