0 0.49999999999999994 0.4623952930876961 0.6838917019904819 0.7680067241604341
0 0.03645308434602231 0.4505094747375936 0.07290616869204462 0.3638889002569679
0 0.14450000398473048 0.2267018443382065 0.0724769953072848 0.09996538512269039
0 0.20867849611222702 0.20119337941007884 0.08823286385234794 0.0903336463250221
0 0.2864074476011993 0.17178242479263023 0.10924068857909644 0.10713990610642224
0 0.38777020190776623 0.1297667753391311 0.11449264476078462 0.10293834116107256
0 0.49438491239601856 0.09247788644915093 0.13024851330584616 0.08088012519798561
0 0.6334765844245673 0.050300337805058846 0.14347860047243183 0.06739146385826274
0 0.7795638867237704 0.05790905146647617 0.1326090095275503 0.09565240031495406
0 0.9534773418418696 0.051387296899547845 0.09304531631626078 0.10000023669290724
1 0.36925599814887866 0.7083403035628832 0.18834450616315343 0.049371860838885555
3 0.3171412561522767 0.6571398552855204 0.05120044827736266 0.04571468596193126
0 0.0692740402820705 0.2629303045070923 0.06226592935170089 0.05488844957069309