0 0.5 0.5 0.7142857142857144 0.5180005180005182
0 0.09046356735216655 0.19079656664512196 0.1105236914597899 0.09163075274871497
0 0.18810428040889046 0.19604411874685418 0.08926614497966587 0.07141291598373291
0 0.3031300843684029 0.21683037822069126 0.23974336080253122 0.08799091433709946
0 0.42937791798250213 0.23787168382304025 0.12752306425666568 0.08926614497966587
0 0.5231073702111515 0.25508729749769055 0.12624783361409928 0.08288999176683272
0 0.5849560563756332 0.2640139119956565 0.09691752883506541 0.07523860791143215
0 0.8096055583461919 0.3600666451883304 0.05683275616524342 0.0663771884983381
0 0.8356358283455404 0.37221410452135945 0.05943578316517891 0.0663771884983381
0 0.8650934172281357 0.3854027746543638 0.040780756332312124 0.055965080498599315
0 0.8785423900611325 0.3914765043208778 0.041648431998957285 0.05336205349866382
0 0.897631254727322 0.40167169340395636 0.043383783332247614 0.05466356699863156
0 0.9125986599769473 0.4066608284871645 0.055965080498599315 0.05943578316517891
0 0.9399304434762625 0.41859136890353227 0.06290648583175851 0.06767870199830585
0 0.9774434593613331 0.43834156608738756 0.04017016756640923 0.04519143851221025
0 0.9992232220887451 0.45227559296198605 0.0015535558225097112 0.03221982190222419