0 0.5 0.5 0.7142857142857144 0.6382159753156038
1 0.7427361245435549 0.6288015886579159 0.03462722846627545 0.03824499860454292
3 0.7720236702993293 0.5907295582557632 0.026271904528454647 0.02670259148793755
0 0.07976091798546994 0.11968491566418266 0.14431244659895096 0.11628053251138527
0 0.23367689070701372 0.13370087270796552 0.17701634636777802 0.1069365611488625
0 0.3725386873444931 0.14278528931041753 0.16611504644483477 0.09914991834676151
0 0.5010182935791706 0.1749700795591038 0.15729018460245478 0.10849388970928296
0 0.7042493342436951 0.2582958532591173 0.2595547600700559 0.16717073652256287
0 0.7795205511343415 0.24686674809850923 0.10174546594746227 0.09759258978634104
0 0.845187905432065 0.27360088838572577 0.0825384137022779 0.09188238506479936
0 0.8976179669662153 0.2959225977517498 0.07942375658143697 0.09499704218564027
0 0.9369279333935117 0.314459832116963 0.0896224953547792 0.09688241816284848
1 0.6085234762541151 0.21854823375492385 0.027036952565647594 0.020427919716265848