0 0.5000000000000001 0.49999999999999994 0.6204008449784549 0.7142857142857142
0 0.013413841863365313 0.37261643797849014 0.026827683726730625 0.5119476825040764
1 0.49402262528570723 0.6997421638350501 0.2305864843010375 0.06540715437141544
3 0.48413701168953777 0.6534931339812434 0.04221312799857377 0.0338632785043495
0 0.08498046046368338 0.08713467510981354 0.1392422469813525 0.09308459604830738
0 0.20999076507401457 0.06559443800772645 0.18924636882548454 0.11154765642152588
0 0.35346413005756255 0.06559443800772645 0.12847212843030895 0.09923894950604689
0 0.49770662835523766 0.05905837208884221 0.12616424588365635 0.10770728431572665
0 0.6457959193001814 0.07490289761255685 0.12539495170143922 0.1169327156970471
0 0.7804224011882299 0.09413525216799193 0.1392422469813525 0.11385553896817735
0 0.8992783523408217 0.12067590145449279 0.1277028342480918 0.09923894950604689