0 0.5 0.5116987191670819 0.7142857142857143 0.5605965697438594
1 0.6981957236644233 0.3627678031618014 0.14030406917033603 0.07035754423862282
3 0.6864636302436297 0.30377025772750793 0.03777906522759683 0.02769324713422154
3 0.7503254352526354 0.5046317993833647 0.012016784144812106 0.015954092251869143
0 0.8518075884145998 0.46097972619467015 0.15814852753289382 0.22835102681555955
0 0.9312733089323656 0.4878209872414111 0.12448324691945584 0.1842832847985215
0 0.47765776445250474 0.22379478972611394 0.12336853687611556 0.07470331637217983
0 0.369265872195881 0.2104319120129872 0.1192153497127274 0.08532921913201619
0 0.26150325072158953 0.1952980505065542 0.10386114262383563 0.07438131931885161
0 0.13673458635478533 0.18644313154002354 0.10980775151686979 0.09015917493194155
1 0.8803896511837503 0.5618849626828591 0.02949706616713571 0.01721789696625274
1 0.3950725349492314 0.23514427643519503 0.026553430953171406 0.011646305664196593
1 0.000896386472982732 0.21428469211091253 0.001792772945965464 0.011180452575488935