0 0.5000000000000001 0.5443331670609269 0.7142857142857143 0.7141770024151398
0 0.8441243729021384 0.3974657578468093 0.31175125419572325 0.47744423559786503
0 0.043040291240127225 0.12129519942552837 0.08608058248025445 0.11313108825050619
0 0.18309122988072155 0.11158192417169686 0.09409672439914889 0.10056096733378345
0 0.34601336504443736 0.10470182111049721 0.13838478740668983 0.10018581367482839
0 0.48203932084760487 0.10831507996434367 0.14939266822313108 0.10347059445105153
0 0.5889730202073202 0.11488464151679226 0.11794158017615673 0.09033147134615721
0 0.7580226184598106 0.13869930214441484 0.24531848676640555 0.09525864251049287
0 0.2665993542417316 0.08017546404961737 0.07746286367890627 0.06888306828403928
0 0.15513840021593675 0.08421372470466632 0.06701152129698774 0.07287684402070341
0 0.0746323569696947 0.06639581790665319 0.05871192920974627 0.045267114567925634
1 0.6789020523467817 0.738184141595931 0.18594365645789496 0.10889586763706414
3 0.6959720150802056 0.6808676653809448 0.17269254417002816 0.0664390898549508