0 0.49999999999999994 0.47664307701657094 0.7008073368986837 0.7476527471191845
0 0.7803342035088842 0.05260497254130214 0.1499880430882344 0.10520994508260428
0 0.6343636972890847 0.0623562184859663 0.1526664010005234 0.08570745319327597
0 0.49107154898157496 0.07403183583962114 0.1392746114390742 0.14806367167924228
0 0.3651887271039499 0.148063671679243 0.12320446396533458 0.11249103231617581
0 0.12949323082244024 0.2485020933901134 0.08570745319327597 0.10981267440388534
0 0.20314807341041222 0.20297000888118566 0.08838581110556638 0.10445595857930595
1 0.4091199041722291 0.8092454895821231 0.17426492602026059 0.0562144922646007
3 0.32011362475327815 0.6827628819867725 0.0861955548057203 0.035602511767579614
0 0.4975129493183866 0.08208026985698348 0.1171370063238285 0.05747986927414676
0 0.08198094819321905 0.28455363596586913 0.05745567429624783 0.08709070630168093
0 0.05422134138422651 0.2971944365221514 0.10813763431670445 0.12555577675697777