0 0.5 0.5 0.6726517945996385 0.7142857142857143
0 0.8873598961969872 0.46406040856283753 0.22528020760602563 0.48819055431190134
0 0.03849367011778078 0.1333538561537122 0.07698734023556156 0.09915796504376628
0 0.20441350950797582 0.12796002926860928 0.1384295078191056 0.1081800968512266
0 0.3580249745096299 0.12295786800618054 0.12224142449885098 0.05845038986959651
0 0.4942262510052563 0.14632318882968687 0.15087321446035368 0.0840558144672926
0 0.6119186632999635 0.17148605743266193 0.11941680960746552 0.08448899499061362
0 0.7605668747182512 0.20806969814540685 0.10296762772964277 0.08758657130529854
0 0.8288844003363838 0.22274578948363624 0.11638332694421002 0.07686255696499072
1 0.6228991933855169 0.6819779624412157 0.12276687279522203 0.03910095585057061
3 0.6517880817513078 0.6154367665448536 0.04679122481242022 0.036958286264882345