0 0.5 0.5 0.6948757763975159 0.7142857142857143
1 0.33501552795031 0.7270962732919242 0.17468944099378853 0.06599378881987612
3 0.31463509316770166 0.6746894409937892 0.13781055900621156 0.031055900621117426
0 0.47407775592239687 0.1151087137271106 0.16238334227830048 0.1130188062256966
0 0.6251945632485848 0.07728803373451198 0.14246130498866927 0.10825555629745867
0 0.7812252761349605 0.05729071563546805 0.14749819345692528 0.10419597152461645
0 0.8289255060028282 0.021468762518635963 0.08983707623295947 0.042937525037271926
0 0.6999695934981468 0.03421198743113199 0.08640187929532984 0.058210329555464096
0 0.578980859197888 0.0549641004340897 0.0845746492195988 0.06264788831081397
0 0.351829891446648 0.1446026312438036 0.14315042209651915 0.12122366160033524
0 0.2530283815231593 0.1806569416613672 0.12945560098513004 0.1262981473025651
0 0.16890479412341555 0.2212527747229061 0.11547259181948827 0.1262981473025651
0 0.09876421588931142 0.2636528670316242 0.08705550867641118 0.11186407332512982
0 0.07057266515213255 0.2747941678829577 0.08434911980564123 0.10735342520717989
0 0.01794855214253012 0.30958641495614075 0.03589710428506024 0.0902129635812153