0 0.5000000000000001 0.5089083394116215 0.7142857142857143 0.7774185705434379
1 0.3150687782568715 0.7681126900527219 0.14114586378424104 0.053254615694579475
3 0.2609138548257654 0.7330937457929536 0.026464849459545477 0.026358345141761674
0 0.987637216492685 0.008372918240269995 0.024725567014630023 0.01674583648053999
0 0.9246199512394313 0.007552989828760689 0.04441109686472593 0.015091189439331222
0 0.8496272467603063 0.0064516129032258064 0.10449578577356357 0.012903225806451613
0 0.7365953830083444 0.00862440560604814 0.04520441436884503 0.01724881121209628
0 0.4685619316235815 0.05945986611445488 0.11161108092176067 0.05790273948369045
0 0.1930070438957262 0.18781462156483872 0.03763530312568977 0.03553935163620941
0 0.20978524048472083 0.17064496077435848 0.023338092999729745 0.013846500637484046
0 0.1329709336777844 0.23305283592925594 0.03460415379544 0.03141104255472421
0 0.07777949851037362 0.28145148313092394 0.035188190146417955 0.03846250108741828
0 0.09931583895268337 0.25669124805589766 0.0309539266018282 0.02772505286718007
0 0.049356320290369064 0.2946194650486074 0.021658014361427655 0.021635156541342637
0 0.035424620041024625 0.31665527263701154 0.032730370018113374 0.02831267399237389