0 0.5000000000000001 0.5 0.6245996156310063 0.7142857142857142
0 0.9473656239433341 0.3859842903788961 0.10526875211333175 0.4587737357292979
1 0.5184983160194072 0.6793985006345612 0.2185136259341666 0.06580239871881212
3 0.5142433613197515 0.6232999781960982 0.05688064331248879 0.03712210405657117
0 0.09422627348933141 0.0965466668522847 0.15696026225363124 0.11136870049038104
0 0.23917959772134437 0.08088544334582452 0.14060298436910643 0.11693713551490029
0 0.40936489315820784 0.07096666845840001 0.11345686362457608 0.1040601295206997
0 0.5618008019544174 0.07757918505001613 0.1350345493445872 0.10336407514263511
0 0.7159766477781063 0.08697811041600123 0.15939645257685792 0.11380058540323632
0 0.8586679941990911 0.10368122422744959 0.16287672446718213 0.11519699956973818
0 0.9722988714181843 0.1250848963529449 0.05540225716363145 0.1127608092465115
1 0.06436930243961925 0.13055269252063684 0.036011146285913634 0.01377607609595368
1 0.22061900763319994 0.10614245242078962 0.039153058377973754 0.01377607609595368
1 0.413266555985564 0.09703090735381655 0.03528608964928496 0.011842591731609283
1 0.5782169408186945 0.10669832917553788 0.03746125955917225 0.009909107367264886
1 0.7519302834522513 0.11769453379073122 0.02178070028463588 0.013631064092914055
1 0.9057872941180191 0.13683602804886624 0.026131039888757684 0.011890928251265588
3 0.9070489758660016 0.12357876701930967 0.00537078992560766 0.006713487407010844
3 0.7536124805141303 0.10157889420697232 0.011278659102620313 0.00946601746112817
3 0.5792967759905916 0.09291849525317523 0.00866039895379833 0.00785478044646849
3 0.2186817916469801 0.09332130450684017 0.012487086863615075 0.00866039895379833
3 0.06082015115731712 0.11603217779411557 0.010684079861023012 0.00857963988839696