0 0.5000000000000001 0.48415137327854213 0.6838678937107321 0.7369266096020827
0 0.6298316817493772 0.06574457645943903 0.16029378094327898 0.10159464989362696
0 0.7812077100908834 0.05705258974631904 0.14336133929434142 0.10046582045036487
0 0.9612560062912568 0.05479493085979486 0.0774879874174863 0.10046582045036487
1 0.4125513756605538 0.806433943877853 0.10022201890588281 0.053058715891350576
1 0.9679159799791937 0.08437015954501563 0.03950902998493435 0.013169676661644402
1 0.7619046093434663 0.08907361549560248 0.0301021180837595 0.01128829428140904
1 0.603868489403729 0.10271363775230608 0.039509029984934725 0.012228985471527475
3 0.3447541275771619 0.6669091724598591 0.07860550502422221 0.02554678913287172
3 0.9688566711693122 0.06555633574266594 0.015051059041879943 0.009406911901175225
3 0.7614342637484078 0.07308186526360581 0.014110367851762838 0.01128829428140904
3 0.5991650334531413 0.08389981394995641 0.015051059041879561 0.01034760309129215
0 0.018636393890338127 0.37675590874176484 0.037272787780676254 0.2338997340075266
0 0.37831137043268426 0.10716114527696839 0.13349540911816737 0.07759831663026391