0 0.5000000000000001 0.5 0.7142857142857144 0.7037193575655118
0 0.12700760777683806 0.4535080304311073 0.2540152155536761 0.4247675401521559
0 0.8032236922982225 0.06847753437057609 0.15538195855095555 0.1177503904643954
0 0.6393442828890127 0.09032812229180491 0.16752117406274902 0.09347195944080969
0 0.4256940898814473 0.15903608208855413 0.32533097571606356 0.14324274303916165
0 0.2235761516100888 0.1688688466531081 0.1529541154485975 0.12988960597618912
0 0.1331389960472281 0.20710737551525754 0.09347195944080965 0.10196941029906503
0 0.07062203616149129 0.23077884576325464 0.10439725340142281 0.10803901805496112
0 0.004463311622217069 0.26476864919627635 0.008926623244434138 0.09832764564552685
1 0.40595942519019457 0.8233305156382077 0.18385460693153005 0.057058326289096226
1 0.6071753617827584 0.12310400417364689 0.027920195677124022 0.010925293960614764
3 0.3203719357565505 0.6394759087066786 0.10566356720202856 0.0232459847844459