0 0.5 0.5 0.7142857142857142 0.6190713918273565
1 0.7642379622767552 0.6291209337060332 0.055429445316404646 0.03367865031882782
3 0.7817789259844792 0.5945652352018203 0.07998679450721671 0.023154072094194438
0 0.03361219114866137 0.1227575216184218 0.06722438229732274 0.10807417555240419
0 0.17519773896537655 0.1336487176043236 0.16253015548191002 0.1114253127788354
0 0.31133768878914175 0.145796590050136 0.16336793978851752 0.10388525401936546
0 0.44873431507281825 0.16841676632854644 0.14828782226957762 0.09383184234007179
0 0.5517817847855762 0.2015092464395537 0.1248298616845603 0.10807417555240419
0 0.6229934508472381 0.21742714826510232 0.11812758723169785 0.10639860693918919
0 0.6950808160125663 0.2393698855646577 0.0974506122537957 0.09842027008716774
0 0.7505937269730624 0.25706614102367986 0.15029696417252195 0.1241162026715015
0 0.9341014719385436 0.33972947131856646 0.06836087725266285 0.07223950858614732
0 0.8926485995619293 0.3215483869428582 0.06593673266923585 0.07466365316957557
0 0.8538622862270854 0.30167040135875056 0.07272433750283272 0.08242091583654448
1 0.04991532685457963 0.15181280961204294 0.025924880746081246 0.014477530806253809
1 0.20832644881602583 0.1630918161704027 0.028955061612506376 0.012794096991572355
1 0.36017217890021885 0.18396639547244273 0.026934941034889623 0.010100602888083765
1 0.49502753658099086 0.18591199330363373 0.020809110632926127 0.011690511591531894
1 0.5934616441816885 0.2354797624517282 0.016132905996314114 0.009352409273225268
1 0.6647273659874997 0.2517298664709566 0.01851777108848664 0.008417168676585287
1 0.7295115075682812 0.2756907399703012 0.010100602411901353 0.009820030122682009
1 0.8128414774664717 0.30332711045842153 0.012345180725657347 0.008978313255023976
1 0.8400569895207624 0.31749601106400643 0.009539457833462665 0.0064531626520486374
3 0.04996542307866986 0.13792974596353003 0.012906325304097275 0.009539457833462665
3 0.2090499110661211 0.14915263753231 0.010100602411901353 0.008417168676585287
3 0.36294381170301454 0.16699703512666936 0.008697740965804631 0.007014307230487326
3 0.5957724686396142 0.22585067773750256 0.005650413935907578 0.005845255795765947
3 0.6663052219085229 0.24309418233501162 0.0072091488147782495 0.005650413935907577
3 0.7313042123578494 0.26810517855783217 0.0050334145756974055 0.004708678151458144