0 0.5000000000000001 0.6013161307817997 0.7142857142857144 0.7940410565860169
0 0.14386618051582528 0.5532580893333454 0.28773236103165056 0.4350719841187375
0 0.04719699820805133 0.4921858729291009 0.09439399641610266 0.2405056309724707
0 0.16269572372176908 0.3288868988438195 0.06924986984004328 0.07994151844116731
0 0.21759067262621976 0.30799652091155383 0.09233315978672345 0.0859748405876703
0 0.27205280984417113 0.29329029817945185 0.1146950969225715 0.09427065853911275
0 0.34923756060338523 0.26425493534940603 0.10459615757089841 0.0935164932708001
0 0.542920790312256 0.23182582881195005 0.29575465244185045 0.12669976507656724
0 0.8012537319473733 0.1589892664569497 0.1119698545976171 0.1186239121221001
1 0.33182640144665404 0.8612700481165065 0.16094032549728748 0.058607792271825436
1 0.8005072662500547 0.18786482401298588 0.03284449068196773 0.014047568540774309
3 0.26311030741410346 0.8036075428168087 0.05244122965641992 0.04537377466205891
3 0.795282006368832 0.16913473262528614 0.013436382551713203 0.010925886642824961
0 0.06859102566538339 0.395105738241378 0.13680889174592806 0.07834872314372775
0 0.6719745747640518 0.16806860788313335 0.12304408381428363 0.07486486648534965
0 0.5968874268954182 0.15430823453617992 0.04538511288231815 0.037432433242674826
0 0.7259828590940112 0.15325379979694878 0.05446213545878093 0.06062999750573993
0 0.9326868343213641 0.15857869523006093 0.09581301608489246 0.1012257349661053