0 0.5 0.5 0.7142857142857143 0.6157665454862995
1 0.2663701325251398 0.658879024171829 0.10342870945392063 0.05107590590317107
3 0.24005372965440192 0.6191936288950349 0.018843108630047224 0.0247546721218258
0 0.12847845852400755 0.5227532436261163 0.2569569170480151 0.3970754857261342
0 0.12079465528982904 0.3491782500568974 0.14918475332268813 0.08461224815316663
0 0.47507594693210703 0.16851144665892367 0.12026594890955358 0.06915292062299407
0 0.6205719738379024 0.15634740496921576 0.1659670094951847 0.10617765203729129
0 0.759221744860962 0.1385522091985441 0.1618436055325711 0.11187314310578712
0 0.9058599855012086 0.12232932227765675 0.14483456418679128 0.1226712678877444
1 0.007849894105926498 0.6414358146834401 0.015699788211852996 0.024339537279314555
1 0.5693021630918152 0.20055701142465485 0.028609892903127834 0.008451228138195746
1 0.7252770353482275 0.175327609776805 0.03676284240115241 0.013173973274247307
1 0.8866503636378807 0.1517458006859381 0.04080451838002681 0.010738031152638083
3 0.5680762019179945 0.1903305224592208 0.008948358761564737 0.00805352288540774
3 0.7228915467577999 0.161483936915898 0.010874742139505025 0.008630747729766162
3 0.8855049736482665 0.13757159956445508 0.012885637383166223 0.008948359293865069