0 0.5000000000000001 0.4600494712302002 0.7142857142857142 0.742167702143463
1 0.6199617825152627 0.7580813996280373 0.17670229192354617 0.07155908489974361
3 0.6779644571347967 0.6476701813760348 0.24912639657143423 0.046736078162098106
0 0.035597950662132526 0.06131056831152455 0.07119590132426505 0.1063058437186525
0 0.1873248767296347 0.054032367393027886 0.13530064917130546 0.10410032828880582
0 0.3489940230237813 0.05800229516675233 0.15172692606750218 0.08380958633420733
0 0.4832139960834945 0.08601234112581786 0.14092016495158333 0.09748378199926287
0 0.6068433432496074 0.12990209817978413 0.14870103295504408 0.11733342086789027
0 0.7096804820286916 0.15636828333795447 0.13616519006057778 0.10586474063268288
0 0.800284367224556 0.20069914347789036 0.08342819581489413 0.09660157582732361
0 0.8540588105373684 0.2256214678351692 0.09639630915399733 0.10145370977298807
0 0.9171702954543354 0.2452505551608118 0.09639630915399733 0.08160407090436066
0 0.8525527931793582 0.43554120801934076 0.29489441364128366 0.44729621801650854