0 0.5000000000000001 0.49999999999999994 0.6048906048906048 0.7142857142857142
1 0.4804650867488398 0.6980454439628381 0.22916331297821618 0.06131807467444356
3 0.481608305090227 0.6403129177227471 0.049366246559933075 0.032737616139744775
0 0.09646410214850734 0.11052669187476134 0.13885908596784619 0.11620533780390817
0 0.21875239084828793 0.09269735304203172 0.16696651424532652 0.1216590179174492
0 0.3760700864311951 0.0647996816919971 0.1627713756964482 0.1295993633839942
0 0.7097933579944044 0.05934600157845606 0.13802005825807104 0.11368825467458142
0 0.8576719918423379 0.07318995878975182 0.1417956829520605 0.1170443655136833
0 0.9979993763022912 0.09416565153413888 0.004001247395417629 0.11368825467458142
1 0.06015517800797294 0.1450107307465356 0.023031310633337975 0.010907360227082066
1 0.18074443559545814 0.13074725968035103 0.031883052971469775 0.01594152648573425
1 0.3512768176073297 0.09655688050699895 0.030624511406805773 0.01132687408196964
1 0.7263222038769811 0.08774708955435603 0.03901478850456111 0.013004929501519942
1 0.8767179208542407 0.09760566514421916 0.03440013610079523 0.010907360227082066
3 0.8776077216410566 0.08655215414468978 0.013109807835267903 0.006797678136804775
3 0.7285443510696811 0.07380650763818035 0.012138710958580778 0.008982646109350487
3 0.34957379494278196 0.07247124943273729 0.011653162520237853 0.009710968766864874
3 0.17841797042678864 0.11532089911652783 0.012624259396923703 0.011895936739409313