0 0.5 0.5000000000000001 0.7142857142857142 0.42310167310167307
0 0.14848777348777517 0.5378056628056642 0.29697554697555034 0.38288288288288236
0 0.017374517374517656 0.5466537966537987 0.03474903474903531 0.3201415701415697
0 0.45647898173241114 0.2565826509276238 0.23796117836899086 0.18433612408865496
0 0.6021191235599015 0.2085386971067314 0.23929446469119336 0.16261146577878777
0 0.7182313240407433 0.21615261189236148 0.21808427350265674 0.15934835944209
0 0.8679111757020663 0.20210060812138828 0.24473298981051997 0.16511319045883116
1 0.20119212499092806 0.597827283074816 0.0630867225094955 0.043508084489308964
1 0.00433926452056405 0.6424020636946642 0.0086785290411281 0.026146358862006534
3 0.1867800720038453 0.5649242941797754 0.017947084851838848 0.0201224890763056
1 0.7863214762665087 0.25367833476438917 0.035894169703680076 0.018490935907955537
1 0.9725904629863594 0.2259419309024547 0.03099951019863225 0.020666340132422294
1 0.6430167229798504 0.2727131217284614 0.03752572287202776 0.01740323379572216
3 0.7846732971960136 0.23424011905417794 0.010952556835798172 0.012840928704038827
3 0.643234244264753 0.2572782558467211 0.012840928704038827 0.011330231209446304