0 0.5 0.5000000000000001 0.7142857142857144 0.6485247759846233
0 0.3245658327511063 0.10816693017326644 0.05719869092614541 0.034641460701750164
0 0.5032110399746695 0.10333323798232255 0.02698811473275926 0.029002153145651285
0 0.07007109287144521 0.12218387269180522 0.041569750748096025 0.02851878248997231
0 0.7748233788100942 0.11299985799164362 0.05317061142198247 0.03528595121640673
0 0.7033330749072649 0.10541096163414262 0.03818616638487885 0.03093562846369953
0 0.9457427260720331 0.10637770002363374 0.10851454785593373 0.07540559438026774
1 0.5305163114483346 0.602277705485636 0.11549739918765672 0.07158929701714273
1 0.4988685435836327 0.10342176057278633 0.008951281250571326 0.0027972753908031
1 0.7944006653102552 0.11380912868647498 0.010522158962988965 0.004046984216534578
3 0.531381039899905 0.5182427430557774 0.03700990085255571 0.03480035453300046