0 0.5000000000000001 0.49999999999999994 0.7142857142857144 0.6012506012506017
0 0.13032406232774302 0.5177874029267484 0.26064812465548604 0.4244940800011584
1 0.2604954734537305 0.6707531691054766 0.11046702826326624 0.048474982866581424
3 0.24270321021897404 0.6460411282682373 0.10620895752644642 0.023040038405207932
0 0.6380207557546416 0.11736489692431148 0.15202022709787236 0.12303331938853239
0 0.7755475289978425 0.09578575451846887 0.17456559976069172 0.1262540869117927
0 0.9404508261887554 0.07291830510332345 0.11909834762248916 0.12560993340714066
1 0.5973556773666768 0.15411986244065004 0.024603087167896016 0.012525208012747558
1 0.7342383077916977 0.12996410413035317 0.034444322035054424 0.016103838873532183
1 0.9176431394069213 0.1051373525336569 0.04160158375662367 0.01028856372475614
3 0.9152994605087944 0.08967080387675441 0.012736446399767823 0.010251286126642358
3 0.7320188903657961 0.11094998871539043 0.010872576194923383 0.01056193116078287