0 0.5 0.5 0.7142857142857142 0.636292336268782
1 0.7495565304069732 0.6370779686238085 0.11621335828542285 0.06691072143706164
3 0.7775373775533808 0.5946905068139199 0.026892347371833297 0.029773670304530393
0 0.048134658597763974 0.07343500269585906 0.09626931719552795 0.11576251110413627
0 0.21521854962473236 0.08115250343613392 0.1883070180627269 0.14354551376912805
0 0.3699544394672608 0.11047900624918162 0.15820876517565324 0.12656701214052232
0 0.59414783597227 0.19807263965131114 0.27165602605770495 0.17827426710036948
0 0.6848284696705107 0.17684951261555198 0.13042576251065877 0.11884951140024541
0 0.7701068528505549 0.20424664024353215 0.1126755108080244 0.11344726088205305
0 0.8364773592169272 0.23241551794553822 0.09261000888330954 0.10187100977163968
0 0.8973503927700465 0.25595940063508565 0.08307032160677026 0.09780860447248808
0 0.9355359438312225 0.2724841420299813 0.09512891667871973 0.09602214594330964
1 0.06701864719046573 0.10243995837645443 0.04218026831867949 0.01333640836546485
1 0.2555205046996723 0.1207691514395516 0.0267968779376673 0.0169713560271892
1 0.4093792455251142 0.14667280011263037 0.023670575511606024 0.015184897498012103
1 0.49780894271941845 0.17078999025653202 0.02813672183455148 0.021437502350134655
1 0.728544240017725 0.21504210600397047 0.01658435922685232 0.010338301855700326
1 0.8132967771056018 0.2420724577308519 0.01723050309283478 0.012707496030964363
1 0.8696189840903019 0.267487449792782 0.009261395412397134 0.00926139541239849
3 0.8709112718222641 0.2587645076020351 0.005815294793831263 0.00603067608249163
3 0.8136198490385916 0.2329187529627843 0.00538453221651053 0.0068922012371330985
3 0.7296211464610282 0.20524225736992033 0.006676819948472731 0.007538345103114199
3 0.4116878735756558 0.13229232482284853 0.011113674188809236 0.010596759110260286
3 0.25687180755014516 0.10140664887952769 0.007495268638965221 0.005169150785492227
3 0.06755166003146826 0.08615765406232478 0.012922876963731924 0.009821386492436858