0 0.5 0.46602404267424963 0.7142857142857143 0.7587823174688726
0 0.8667693492491328 0.44961272028624566 0.2664613015017343 0.4595170268641018
0 0.022436758897730363 0.06303713006459812 0.04487351779546073 0.10588914876285012
0 0.1799276792768713 0.05428781480665151 0.14048905965639302 0.10544046592910912
0 0.3503937038917928 0.059896350228412575 0.1512270769549706 0.08255764140832388
0 0.48685600706121895 0.08861205158782864 0.14406839875591837 0.09691549208803153
0 0.6127295649556853 0.1331065440525266 0.15510469641420768 0.11964875728528329
0 0.7186183480846149 0.15965361207519949 0.14019078329745666 0.1061882720906901
0 0.8077289789572014 0.20770006617257114 0.09768613091471774 0.09085827506351203
0 0.8696962879573001 0.23020898863686606 0.09805897874263576 0.10319705315855791
0 0.9375414779018332 0.254561930621377 0.0894834726387226 0.07976583278669935
0 0.2806902090442771 0.03776097864497324 0.08691009418368414 0.05832876917657557