0 0.5 0.5 0.7142857142857144 0.6163037889296985
0 0.03502149639277325 0.13279802431371737 0.0700429927855465 0.11047807839503654
0 0.17598091350709563 0.1429836164143383 0.16183310833111061 0.10988667849643285
0 0.3118496397045012 0.15713772596012412 0.16629252425086186 0.1006961652038092
0 0.4447110371076982 0.18251315959148354 0.15535979774301914 0.09666831859565649
0 0.5479576177421346 0.20983492931011122 0.13042550179834214 0.10884775333905844
0 0.619787544835486 0.22853564464148995 0.12371242449989821 0.10645022573247029
0 0.6902748564691492 0.25083265138275074 0.10549121468983524 0.10309368708324829
0 0.7502130466338295 0.2678550973895209 0.1496057226510401 0.12754846867043826
0 0.817439720722534 0.2959061703865907 0.06233571777126661 0.08439297175186844
0 0.8498303186875269 0.3105310887867713 0.07552211960749663 0.08631099383713847
0 0.8884065378775152 0.3294715568788103 0.07384385028288565 0.08247494966659838
0 0.9313702325875562 0.35109725589022667 0.0724053337189325 0.07863890549605945
0 0.9606499932634506 0.36284709647394814 0.05318589497630299 0.06775420533937687
0 0.5712027953240132 0.164839642384428 0.056568233464056185 0.031494746198906465
0 0.5363445325407582 0.1539235021970407 0.026908132674794166 0.01956955103621405
0 0.616304494977788 0.17869121522724948 0.03088319772902455 0.02446193879526787
0 0.28420309840853863 0.08579700265222102 0.031188971963966108 0.018346454096450308
0 0.24812173868551993 0.07998729218834563 0.03975065054230999 0.02018109950609593
0 0.3305278950020761 0.09588755240526836 0.03210629466878832 0.014677163277160192
0 0.3056072948543983 0.09084227752874502 0.03302361737361052 0.013759840572338063
0 0.3839668458026608 0.10605438610501884 0.03516403630966562 0.016053147010934667
1 0.7630543079242808 0.6377795757432255 0.05629767708545662 0.03348741136979671
1 0.05215233845445867 0.16241388124658865 0.025127280585215753 0.014687072454739021
1 0.21018515911286328 0.17383434015118512 0.02853892801943948 0.012485781008504771
1 0.3608643853903212 0.1948142532381025 0.028029305716734083 0.011891220607099082
1 0.4944455625582994 0.19621184316050405 0.019995652860065796 0.010794113490831474
1 0.5928493588413202 0.2463074853313442 0.01719980123526867 0.010829504481465491
1 0.6634959498409995 0.26185100941062583 0.018686203811156057 0.010404818031211774
1 0.7300525103757799 0.28592623942100115 0.012230969397633937 0.010702098222929926
1 0.8117959542369274 0.31347123796058257 0.011721345436554795 0.009937662435339905
1 0.8385511992551525 0.32804647619908195 0.00968285057802358 0.007899167576808535
1 0.8805752768919646 0.3446387867366668 0.009625898229990309 0.0076802379494597724
1 0.9187780896241166 0.3609547884058232 0.00583943844585953 0.005131627725149956
1 0.960538922146024 0.3790039617839358 0.00760896524763593 0.0061933438062154724
3 0.7809680781666675 0.6035814074911053 0.07832165934301302 0.023503970427317396
3 0.05215103151193213 0.14924515640244437 0.011619420927752056 0.008255904343402282
3 0.21109247883418414 0.16031418370730494 0.010090549753047967 0.007950130108461996
3 0.363199679431373 0.17803873579690688 0.009937662435339828 0.00866360314875859
3 0.4976129341657837 0.18947978819041347 0.024461938302375814 0.009173226863391084
3 0.5953970665996043 0.2363801015608125 0.005662485765682753 0.006901154526925084
3 0.6649097478731322 0.2536327997003075 0.00737302816878546 0.006193343661780527
3 0.7302495235049151 0.2779195544882901 0.005013659154774359 0.005308580281526518
3 0.8403353877265748 0.3185041818744474 0.003822178052282201 0.004883894177915871
3 0.9626809892925104 0.3732595451801171 0.0027034434517324334 0.00258055965847144