0 0.5 0.5000000000000001 0.7142857142857145 0.6402293358815097
1 0.7482555356355717 0.6389431892361218 0.12067314649641263 0.0668460245033569
3 0.77907908649753 0.5966587891189029 0.028550917315095858 0.029322563729017256
0 0.04634074374143206 0.07448272765610674 0.09268148748286412 0.12164109107234218
0 0.21427003761121374 0.08067242919297285 0.18784398577100603 0.14263225280606387
0 0.37008904586538655 0.10892976229606204 0.1625469447072896 0.12487050056983826
0 0.4909227845633561 0.13395768590165377 0.16416164945603762 0.11679697682609808
0 0.6063741740988301 0.1603311967978703 0.16147047487478955 0.12110285615609284
0 0.6865711766199741 0.17782383157597262 0.1334822592298264 0.11841168157484612
0 0.7743034679686118 0.20850322180218175 0.10979992291485798 0.1076469832498606
0 0.8391607753766529 0.23191644065902692 0.08880876118113493 0.10064992933861913
0 0.8989048510803247 0.2574825991808687 0.0834264120186415 0.09149993576238163
0 0.9392724697990213 0.27551346887521966 0.09419111034362837 0.09849698967362176
1 0.8723083097006531 0.2691541839767537 0.013082097880636682 0.009032877108058855
1 0.8146847833216575 0.24314572747596422 0.015573926048375835 0.00934435562902659
1 0.7299626256184868 0.21620283541227084 0.016196883090311306 0.010278791191928432
1 0.6606586547032088 0.2048338693969567 0.019623146820955024 0.011213226754831636
1 0.5399607278282872 0.1711941891324618 0.028033066887079773 0.010590269712896167
1 0.41022992384530543 0.14596442893409098 0.022737932030629647 0.01370505492257215
1 0.2548021418825039 0.12275927912200973 0.028344545408046144 0.017754275695149976
1 0.06526746187375589 0.10235743599863535 0.042361078851586034 0.012459140838701211
3 0.0662455177055521 0.08557926413444084 0.012617764842962122 0.009553450523957367
3 0.256765058882498 0.10103417511866322 0.014535665032374606 0.0064891361751670635
3 0.4110767171279758 0.1317926805889555 0.009603921539248017 0.008825225198227097
3 0.6636338970654809 0.19084381978297676 0.005970005281154026 0.008565659751220579
3 0.7315102614577313 0.20615818115637152 0.005710439834146145 0.007008267069180103
3 0.8157392490114019 0.233672118539081 0.00493174349312795 0.004931743493126587
3 0.8734925609703872 0.25936909779274336 0.005191308940133106 0.005970005281154026