0 0.5 0.4832930891944302 0.6888109697140704 0.7381527297222423
0 0.41969161381759434 0.14235243466766365 0.25957901554393886 0.11101492488671645
0 0.6309464855873174 0.06790713209657182 0.16325724248046466 0.1077497800371064
0 0.7811431486693442 0.054030266485732274 0.14040122853319906 0.10611720761230142
0 0.9653394050403882 0.05741995552639144 0.06932118991922365 0.10591390162146291
1 0.412171667185456 0.8059881996478705 0.09868352001634234 0.04934176000817198
1 0.6052864543487606 0.10426648893588422 0.03802037494103715 0.014936575869693547
1 0.763003116827388 0.09014463538635598 0.024577456658314487 0.012220834802475867
1 0.9748988135969919 0.08471315325192286 0.04345185707547141 0.014936575869693535
3 0.3411195327736891 0.6668444364248278 0.07499947521242038 0.027631385604575398
0 0.2125239106666506 0.1612155864427698 0.10870206059017304 0.05779096892135715
0 0.5457012024366016 0.04490755202945485 0.07376757376280493 0.042425910298814935