0 0.9435002296738614 0.39228295819935677 0.11299954065227724 0.40192926045016064
0 0.5000000000000001 0.49999999999999994 0.7142857142857143 0.6201194304088192
1 0.5019112873153354 0.7019598277947264 0.1200231123282704 0.06667283981405737
3 0.512016403937631 0.6359377694444559 0.04860746435100431 0.03365132147377306
0 0.091105043458033 0.15379145404151484 0.13331961269574613 0.07618263582614096
0 0.20322288486254106 0.1433702444237876 0.13475702091888023 0.09630635095002625
0 0.326121287940561 0.1302538943876833 0.12110164279910067 0.10097792767521431
0 0.4729166027281944 0.12324652929990176 0.0984624632847285 0.08768190161121828
0 0.6055175113123735 0.1268400498577387 0.11714877018548076 0.0905567180574876
0 0.7365013356455261 0.1358238512523313 0.13619442914201546 0.09918116739629666
0 0.8597590907793285 0.15073696156735322 0.13906924558828476 0.10025922356364725
0 0.9569638218688147 0.16870456435653786 0.08607235626237064 0.09666570300581087
3 0.051818457938461855 0.18452445536447676 0.007694459451490733 0.0068626259972750184
3 0.17236870665900353 0.1616146087594249 0.009011529335506325 0.007625140206967227
3 0.3087547371790712 0.14237845960093948 0.009358126617641101 0.008318334771236778
1 0.17500284600322827 0.17339891635200888 0.030327262186800426 0.012477502156855166
1 0.30976123453123566 0.15351744415637397 0.03468745332126004 0.011479301099121611
1 0.4765854255043473 0.1452822933678731 0.02844870272391155 0.010481101003546246
1 0.6185087282229983 0.15326161425997423 0.032406845879610166 0.007971737489102003
1 0.7680654554641924 0.1622731435954811 0.01958274644062023 0.012130904874720391
3 0.6189419748256673 0.14061081346205112 0.005892153796292262 0.005198959232022713
3 0.7694518445927309 0.14892914823328843 0.008491633412304163 0.007625140206967227
3 0.9011204146921457 0.1676174404075534 0.004159167271075305 0.004783042361737365
3 0.993141990564699 0.17739148349458125 0.006446709270166613 0.003119375453307025
1 0.8997686853290463 0.17832729613057324 0.02349929508157951 0.009150167996366327
1 0.9906464902020541 0.19589977785086918 0.018707019595891827 0.012269543449673351