0 0.5 0.5 0.7142857142857142 0.6289729006356647
1 0.7548573734359936 0.6505530450382012 0.10037229064010568 0.05555489574963958
3 0.7815235048268808 0.5936840338444738 0.021450404177616192 0.024145239357568415
0 0.06882715199120443 0.07335542117081052 0.13765430398240885 0.11922913308278871
0 0.23605762436706512 0.09232369234307321 0.17961791477407127 0.1231002088322304
0 0.38006164224627703 0.10703378019094974 0.17497262387474205 0.12619706943178322
0 0.5190332616512165 0.1341313104370382 0.16645625722597113 0.12155177853245398
0 0.6359397492843407 0.16006751795829402 0.1587141057270891 0.12387442398211793
0 0.7187807703223832 0.17981000428044355 0.12929393003133602 0.12000334823267758
0 0.8070412974096424 0.20613331937664311 0.10606747553468857 0.11071276643401778
0 0.8716882624253097 0.2324566344728441 0.09600267858614125 0.10297061493513576
0 0.9301415062418729 0.2568444116943235 0.0874863119373717 0.10064796948547183
0 0.9711749091859496 0.27581268286658617 0.05765018162810076 0.09677689373603014
1 0.0916458573663074 0.10210749686095962 0.045700203946064784 0.013441236454724614
1 0.2771349204415092 0.12473357822641207 0.03315504992165441 0.012993195239567492
1 0.4303650160253723 0.1435513092630276 0.019713813466929797 0.013889277669881734
1 0.5697386451378987 0.17155195531459355 0.027743291223609846 0.011667739299649411
1 0.6915757717357877 0.20515504449758348 0.021261213834916033 0.009852757630814814
1 0.7625206606703412 0.21705270439359517 0.01717491373352005 0.010454295316055861
1 0.8475604820173134 0.24531799599792917 0.01711268430615183 0.01140845620410122
1 0.9048620461333663 0.26974246359852666 0.01192702239519623 0.010112040726361633
3 0.09195228968336078 0.08581396140811437 0.013067869145068797 0.013814604524787954
3 0.2788228184578502 0.1100828612489575 0.009707559936336702 0.010080927626196282
3 0.43283699052473784 0.1294979811216316 0.010827663005914067 0.008587456866759338
3 0.6949037720368547 0.19218641624897762 0.0059738830377464025 0.007467353797181973
3 0.7621099562114959 0.2073078076882721 0.006720618417464188 0.004853779968169038
3 0.8479845248790941 0.23437696520305865 0.0059738830377464025 0.006720618417464188
3 0.9058565168072561 0.26088607118305507 0.0052271476580272435 0.0052271476580272435