0 0.5 0.5 0.7142857142857144 0.566502463054188
1 0.662440940525515 0.587747812917273 0.16802945705660646 0.061101620747857716
3 0.6873398509802682 0.5410050730451607 0.04735375607958973 0.02825949959588307
0 0.7523070439574446 0.22574720698845824 0.21605614879044896 0.14724374523732822
0 0.5602982404946998 0.20022002502520375 0.2611911661747565 0.18497957944387927
0 0.3398025817975985 0.16211423165976394 0.2301145968281868 0.13688488878847088
0 0.12596618796047176 0.1495356202575799 0.2064372106593691 0.19607835421051178
1 0.6211994826280925 0.25916838883315235 0.049242248669312504 0.020553286401103765
1 0.38462259228205237 0.21806181603094474 0.05223960293613817 0.013702190934069176
3 0.38569307594877805 0.20264685123011694 0.01841231906765461 0.011133030133930645
3 0.14611883133591216 0.17267330856183893 0.01798412560096523 0.013702190934069176
1 0.14354967053577475 0.20093407736335836 0.060803472269932525 0.019696899467725