0 0.5 0.47143411460829837 0.6197655650604009 0.7550941219881451
0 0.8608761518073226 0.41161496987936685 0.27824769638535485 0.5413142277109829
0 0.33828730926495104 0.037233118436062036 0.1121351905824402 0.07288787387858713
0 0.2191436692711088 0.051250017258866847 0.13175884893436776 0.10092167152419677
0 0.041129054221483906 0.06526691608167166 0.08225810844296781 0.10092167152419677
1 0.5686449201807408 0.8195619240963399 0.18436064277113146 0.03922566867470823
1 0.03111354290988951 0.09322282535064969 0.04172649902533573 0.011083601303605382
1 0.23094435464840912 0.08311718886794996 0.03977056938352273 0.006519765472708326
3 0.5892383962349634 0.7568008542168053 0.05687721957832832 0.039225668674708135
3 0.2322483077429505 0.07170759929070963 0.014995460587229646 0.008475695114521129
3 0.031113542909888804 0.08148724749977287 0.015647437134500897 0.009779648209062478
0 0.4512683602107589 0.04648669667366328 0.12214901153556991 0.07155744332494253
0 0.5241173131339478 0.07975874138394821 0.14205140215560885 0.08811744732647431
0 0.7280914566446157 0.16405108051961878 0.43711117634482816 0.19033369540540487