0 0.49999999999999994 0.47688763711181714 0.6893407868688753 0.747303375554547
1 0.3540584820592917 0.6766515588320764 0.18630832077537146 0.049682218873433236
3 0.2971309396001506 0.6114436465606967 0.04347194151425429 0.0393317566081334
0 0.11537370829526276 0.27076309211307925 0.10155834450912286 0.12193682811128156
0 0.201231230371225 0.2228909622342001 0.1455224271874863 0.14191443312498578
0 0.3024555082357984 0.18620968926545414 0.13469844499998632 0.12708156864582107
0 0.43615173266286855 0.12968444895296016 0.1783952619791488 0.13269400385415397
0 0.5945025831836872 0.08478496728629777 0.15354019177081898 0.08859629864582405
0 0.7616729747461711 0.06654455285921625 0.13509933322915377 0.11305048062498962
0 0.948446800714904 0.061733894109218236 0.1031063985701921 0.10823982187499
0 0.6729425670626835 0.051555360348754305 0.07850727437085221 0.06236038815273296