0 0.5 0.5 0.7142857142857142 0.6875090461716604
0 0.04927056545501841 0.058084489530224645 0.09854113091003681 0.11616897906044929
0 0.21987782467592137 0.0800339614767745 0.18956362135655933 0.11972439243572092
0 0.3765172381126567 0.09599721380153806 0.179586588653582 0.12371520551691267
0 0.5132025861434387 0.12193749882927617 0.16162792978822393 0.11972439243572087
0 0.6984641065246493 0.16483793953533699 0.18624417364636034 0.1277102905003606
0 0.8001002127145195 0.19623338595000991 0.09755647190999736 0.10287773401417995
0 0.8604078498952465 0.217518434366736 0.10110397997945193 0.1028777340141799
0 0.9570774447878799 0.25654102313073557 0.08584511042424015 0.10642524208363456
1 0.735200463163988 0.6688618709895294 0.0798475418536209 0.06030781106769002
1 0.06558866693397135 0.09034027007679303 0.035475080694544366 0.014190032277818345
1 0.26247536478869543 0.12138096568452018 0.042570096833453516 0.012416278243090318
1 0.563388020337217 0.16190648611095146 0.024635473273711593 0.01108596297316987
1 0.4278929173318012 0.13357569184618276 0.024635473273711593 0.01108596297316987
3 0.06416966370618979 0.07756924102675697 0.01241627824309032 0.0053212621041812125
3 0.2672645006824597 0.10417555154766626 0.017737540347272877 0.015963786312544897
3 0.4320809477883319 0.11472955479179257 0.013549510300541724 0.007390641982114172