0 0.5 0.49999999999999994 0.7142857142857143 0.42756539235412405
0 0.14876492665421914 0.5358618674435776 0.2975298533084383 0.3801463115088034
0 0.8827657076461365 0.1916627687905245 0.22012264505868748 0.18252162383869971
0 0.7186529171130559 0.21712179357489222 0.22090599966743693 0.15823763096745494
0 0.598016307365591 0.2151634070530174 0.24283992871243096 0.1762547869686994
0 0.4542707366600068 0.2602062970561309 0.23422302801618466 0.1786048507949501
3 0.18474651631307812 0.5624743645420727 0.018133208356096248 0.019039868773900463
1 0.20174639914691672 0.5948874744785936 0.06391955945523779 0.03581308650329038
1 0.0029611025432147316 0.6420338162044438 0.005922205086429463 0.0294664635786561
1 0.9702317692782719 0.22324736922040403 0.03354643545877747 0.01994652919170468
1 0.8043129128199931 0.24704720518777903 0.03173311462316903 0.012239915640364075
1 0.6417940329284811 0.27039371094625436 0.03671974692109461 0.018133208356096244
1 0.5005816728553827 0.2851269427355799 0.019039868773900466 0.012239915640364075
3 0.6422473631373833 0.25339382811241334 0.013146576058170671 0.011333255222559856