0 0.5 0.5 0.7142857142857145 0.5619716864691783
1 0.7636773215924029 0.6418191791069512 0.08011878260293545 0.0376291738252538
3 0.7886066492516338 0.6128917517287874 0.020852833828160923 0.018657798688354592
0 0.14620250058042963 0.14882030735475907 0.17506900159130456 0.12790015142162603
0 0.45552130650081696 0.2068742767943635 0.1188292186966877 0.09161642052187403
0 0.5394274342064955 0.2302319285610787 0.14059945723654083 0.09841962006557746
0 0.6280958015927639 0.2669692060970781 0.1265395115128859 0.10567636624552894
0 0.6949939304391833 0.29576941749875585 0.0825454877969371 0.0961518868843439
0 0.7453376070625874 0.31005613654053277 0.13606399087407095 0.12472532496789766
1 0.018799263799975513 0.1576650904767101 0.034330958618147014 0.013543405693397874
1 0.1860445759672829 0.1806573838631765 0.035590810310556886 0.013543405693397874
1 0.72096774628009 0.33150416523226545 0.020472591016506943 0.010498764623849535
1 0.8008895919791439 0.352239225364367 0.012336048433022002 0.009973826392657405
3 0.6764792311865272 0.3014514514964959 0.008136542583482186 0.0076116043522914305
3 0.1899271081500042 0.16530872123672705 0.011522394174674334 0.009448888161463895