0 0.5000000000000001 0.5000000000000001 0.7142857142857144 0.6209103500979125
0 0.13473754597124799 0.5095524669245838 0.26947509194249597 0.42508477814395534
1 0.24665504328747742 0.6365947026695888 0.12092604922647743 0.027640239823195127
3 0.25996285117548773 0.6626358372369032 0.10999666333238481 0.04635881875438964
0 0.6386945158625562 0.11045336035359415 0.15074124690265792 0.12180639455601758
0 0.7752016821753341 0.08828552992673229 0.17080896707855298 0.12600661505794855
3 0.7322642344157398 0.10216348544145543 0.011613262930942489 0.009452655874022636
1 0.7355959300370208 0.12226232062976661 0.034659741283784164 0.01462911158081767
0 0.9397103185009906 0.06588435391643077 0.12057936299801875 0.12507323272418597
3 0.9160966606188073 0.08141333983102131 0.012603542285012547 0.009002530203579998
1 0.9178746603340145 0.09687518545567099 0.04163670219155904 0.012828605540101394