0 0.5 0.47061460291816837 0.7142857142857144 0.7479429893429547
0 0.33419276844843054 0.06050200620745293 0.18215745026655927 0.11093968633640644
0 0.5033150984206886 0.10000325816056936 0.1654457575815554 0.11262059067483636
0 0.6269816242897296 0.1386640579444684 0.1520764034335499 0.11934420802855775
0 0.7464702269875186 0.174383275136115 0.13202237221154342 0.12186556453620422
0 0.13085506188956303 0.03453120294762237 0.12785559302329133 0.06906240589524475
1 0.5911185588604944 0.795074378576801 0.18433179723502283 0.048458278182783775
1 0.6700142329536181 0.17774508381297488 0.02088961585625752 0.015968591215089215
1 0.789502835651408 0.21640588359687393 0.02088961585625752 0.010925878199797841
3 0.662337662337662 0.6633942748192394 0.05027230833682479 0.05477892316314655
3 0.5505256302558299 0.1302595362523171 0.009191430976753494 0.010085426030582876