0 0.5000000000000001 0.4714496132553926 0.5649193794755492 0.755071981063725
0 0.9292279598956382 0.11987941099994881 0.14154408020872356 0.23975882199989762
3 0.3929237777464651 0.747447806822696 0.047999685837792426 0.03323055173385533
0 0.12385279646068822 0.23012854037265815 0.09647375935571721 0.10678393211128993
0 0.18549290072079247 0.20545776985039582 0.11120257757796426 0.11267545940018853
0 0.26860025753982036 0.17191288634922874 0.11540029077130379 0.09713655617571822
0 0.3987420087876914 0.122362700677559 0.13265964782500037 0.09949473586874985
0 0.5293335932182791 0.08480242672596099 0.13388204768686696 0.07901235601192123
0 0.6567777235341062 0.05332025232637481 0.0910114249535227 0.08194622870391874
1 0.424308187717329 0.7991397761864716 0.18092189277321483 0.04430740231180841
0 0.5946183723008428 0.04833652939016334 0.07026232745250116 0.057351935129073314