0 0.5000000000000002 0.4927635794782065 0.6977143639613922 0.7246234578882766
0 0.02325153300771438 0.06533592635605671 0.04650306601542876 0.1071463102713408
0 0.21968643517183892 0.06258858506704894 0.15385111218448938 0.1071463102713408
0 0.39002159509038026 0.06670959700056062 0.17033515991854076 0.1098936515603486
0 0.5342570127633389 0.08319364473461328 0.17308250120755003 0.10989365156034861
0 0.016383179785192752 0.09555668053515204 0.032766359570385505 0.01923138902306046
1 0.5778441645742043 0.814711667532015 0.19989612631400663 0.057662344129041095
3 0.6662597589054005 0.656140221177154 0.10379221943227263 0.028831172064519756
0 0.6621843914978918 0.12796774863061353 0.15222480304025232 0.11256059379737014
0 0.7618809174327064 0.15583989566615258 0.13400070690163143 0.11524060793540282
0 0.3134700388318779 0.03361044679130612 0.0996071937496326 0.06722089358261224
0 0.07595390676450019 0.03200993777813939 0.09342827343006783 0.06401987555627878
0 0.00688519190586497 0.014394757531755639 0.01377038381172994 0.025073434261106167