0 0.5 0.5 0.6784660766961647 0.7142857142857143
0 0.8950697025722191 0.46628753958378805 0.20986059485556185 0.49515382354281245
1 0.6190541984192548 0.6853196265855575 0.20512425818253088 0.0725497088272312
3 0.6521387561906308 0.6202139432568852 0.04490047126115342 0.036865650088104114
0 0.03603430500581661 0.13680827698441628 0.07206861001163321 0.10064186565907741
0 0.2006354871585127 0.13069451879017394 0.13544325845707617 0.10910706931264447
0 0.35724175474950765 0.12552133877966043 0.1194534293336715 0.05831584739124105
0 0.49310774816114883 0.1492516905597842 0.14785888144835058 0.08465203136355985
0 0.7611725141457533 0.21048332657942506 0.10271113138778508 0.08070160323326005
1 0.2120120729542737 0.15851258004405777 0.03948929885364275 0.010450869181094474
1 0.03011556234495009 0.16488094021172353 0.02580058329082837 0.01404335546209664
3 0.030442152006858507 0.15132746924249071 0.013390176138277407 0.008491331209639186
3 0.21120952987360891 0.14561215015908027 0.011104048504913705 0.0062052035762754825