0 0.49999999999999994 0.5000000000000002 0.7142857142857142 0.6067522072247117
1 0.3571442303946448 0.6021592382950421 0.16172290766717212 0.060249710699535074
3 0.33962742027890686 0.5513598372572451 0.029361456934243104 0.028397286395752456
0 0.8789257004941249 0.1869247167356735 0.2242566107227624 0.16834605846037534
0 0.2550008013462749 0.2833857794301214 0.2641927194816104 0.1916933220424702
0 0.08825218723625174 0.32006555932094094 0.17650437447250347 0.16834605846037534
1 0.8580636846344878 0.23176553917933396 0.06222239277047299 0.02133339180701842
1 0.16551211061591506 0.34136376719727723 0.03225608592490246 0.015872042280508522
1 0.031111752595488155 0.37387585380412236 0.034816092744338514 0.019456051827719905
3 0.8563991577934731 0.2038752025728036 0.01621337732682262 0.013226702556091962
3 0.16199727359866314 0.31288883170446147 0.011520031258530622 0.010240027785361303
3 0.025676903706041816 0.3495822646020056 0.012800034731702185 0.012800034731702188