0 0.5 0.5000000000000001 0.7142857142857143 0.6380417335473506
1 0.36978918537789746 0.6068204997250324 0.17022636953557158 0.06439484373878553
3 0.3504147367399661 0.5531767951148076 0.03191744428791893 0.02967762363613529
0 0.9234823572534171 0.15974682292922895 0.1530352854931658 0.16951046233179196
0 0.25793897519495007 0.2683272573260918 0.27496627991147893 0.20856817254649077
0 0.08256985633095226 0.3081661217450842 0.16513971266190453 0.1741973875575562
3 0.8966939935289127 0.18522637017270457 0.01672610258815289 0.01265759114778952
1 0.8996323629025061 0.2141580070819416 0.06419206939236774 0.022602841335339952
1 0.02342346382916371 0.36584134049545775 0.03515193919322821 0.016274045922790185
1 0.16630958703126933 0.3316658440575972 0.033199053682492916 0.022132702454996076
3 0.1628249410530802 0.30126935758834344 0.014917875281324463 0.01265759114778952
3 0.018121550824230323 0.3393777480797268 0.010849363840963461 0.010397307014256948