0 0.5 0.5000000000000001 0.7142857142857143 0.6247396917950863
1 0.6243763022264401 0.6196053888090033 0.19178870416953875 0.06538251278506885
3 0.6437077274737313 0.548168123981789 0.03232248152806121 0.03386654622691029
0 0.036725744711853685 0.09775823225940246 0.07345148942370737 0.18312559432057843
0 0.2853910254208503 0.11558888223272258 0.2525205563789036 0.17252358622833522
0 0.5408030385521857 0.12474516194875111 0.29878386441778704 0.2351718158643229
0 0.78368540575632 0.1951039429245514 0.2409547293691815 0.19854669700020625
0 0.9586185392783475 0.2278737861187612 0.082762921443305 0.18890850782543947
3 0.3196876964624528 0.15583702404787103 0.02744206764235587 0.024764792750420272
3 0.614522593937042 0.1508171336254899 0.01874092424356149 0.02007956168952929
3 0.8457722127281176 0.2287927648531591 0.015394330628638299 0.019410242966544155
1 0.3200223558239454 0.17758988254486183 0.06425459740649372 0.014725011905655632
1 0.6044828130922774 0.20436263146423264 0.03882048593309077 0.021418199135497085
1 0.8417563003902119 0.25288823888059664 0.05555345400769687 0.020748880412514416
1 0.04586940688957507 0.1502816786471021 0.06893982846738471 0.02342615530445001
3 0.04727497620784089 0.12270574726014762 0.022087517858482217 0.0153943306286383