0 0.5 0.49999999999999983 0.714285714285714 0.5075187969924793
1 0.7052852631494222 0.5720603178795511 0.11741099624658038 0.044152949393629126
3 0.719018141108904 0.5280807579009884 0.028529839739682476 0.027084613479465103
0 0.006360233829966685 0.18150296344464892 0.01272046765993337 0.18540870847808896
0 0.24751683100585956 0.19340419811047327 0.22925536251007073 0.17413385458415054
0 0.4673764819376475 0.19089867502293054 0.25556335492925886 0.14657310062119272
0 0.6565434750470478 0.2291079021079419 0.22299155479121555 0.15283690834004565
0 0.8225343795966897 0.22973428287982903 0.24428850103532046 0.12402339283331587
1 0.025587446607799984 0.20713126320054354 0.04567360207385 0.013049600592528887
1 0.2822295915941974 0.2459175760727802 0.05872320266637889 0.018124445267401357
1 0.7215661448759948 0.2792665553647968 0.04422364645245914 0.01957440088879222
3 0.027569168838202415 0.19195260681385584 0.013845061552031928 0.011747324953239952
3 0.28316042032742295 0.21128818072199002 0.01812444578007535 0.015103704816730196
3 0.5414337726934978 0.23636033071775944 0.015103704816730198 0.012082963853382823
3 0.7229803045905852 0.2626407770988699 0.013291260238722664 0.012687112046052742