0 0.5000000000000001 0.5443331670609269 0.7142857142857143 0.7141770024151398
0 0.8441243729021384 0.3974657578468093 0.31175125419572325 0.47744423559786503
0 0.043040291240127225 0.12129519942552837 0.08608058248025445 0.11313108825050619
0 0.18309122988072155 0.11158192417169686 0.09409672439914889 0.10056096733378345
0 0.34601336504443736 0.10470182111049721 0.13838478740668983 0.10018581367482839
0 0.48203932084760487 0.10831507996434367 0.14939266822313108 0.10347059445105153
0 0.5889730202073202 0.11488464151679226 0.11794158017615673 0.09033147134615721
0 0.7580226184598106 0.13869930214441484 0.24531848676640555 0.09525864251049287
0 0.2665993542417316 0.08017546404961737 0.07746286367890627 0.06888306828403928
0 0.3730187021014729 0.05471041877632144 0.09037334218313699 0.035057937912604864
0 0.5139273417502825 0.054325166711347746 0.049797555896830964 0.01579533466392046
0 0.15513840021593675 0.08421372470466632 0.06701152129698774 0.07287684402070341
0 0.0746323569696947 0.06639581790665319 0.05871192920974627 0.045267114567925634
0 0.20829182668188262 0.05465114238209518 0.044828044524627436 0.030766656461398326
1 0.6789020523467817 0.738184141595931 0.18594365645789496 0.10889586763706414
1 0.19512685742014665 0.14072174993319056 0.028447846911370266 0.012570120916722792
1 0.03921077338667274 0.148720917789287 0.03391858670201936 0.010284644386410309
1 0.3696016810796673 0.10470182111049721 0.03774130565636969 0.014781513493006661
1 0.5166355176992771 0.14181984388182753 0.025160870437579114 0.009854342328671092
1 0.6676007403247572 0.14510462465805152 0.025160870437579298 0.01642390388111908
3 0.6959720150802056 0.6808676653809448 0.17269254417002816 0.0664390898549508
3 0.6668144631235826 0.12950191597098706 0.017298098425836413 0.014781513493006661
3 0.5197806265039745 0.11800518325420434 0.012580435218790388 0.011496732716783559
3 0.1934755880166087 0.12539594000070692 0.014152989621138078 0.009854342328671092