0 0.5000000000000001 0.49999999999999994 0.6731066767434984 0.7142857142857142
1 0.6222894448499777 0.6826320755460676 0.12094312947229606 0.037910333976612316
3 0.6517019386412488 0.61433823426784 0.04510698986642874 0.03562613950762932
0 0.8966799648957151 0.46573749847695145 0.20664007020856978 0.48582174287850555
0 0.039398488905045395 0.13438375001380395 0.07879697781009079 0.10098664621318414
0 0.20237971515465758 0.1279318253946277 0.1301605662303266 0.10603597852384383
0 0.35890901678509407 0.12372404846907914 0.11893982776219517 0.05834784003428491
0 0.49552150763459574 0.14672656232874867 0.14867478470274426 0.0807893169705478
0 0.7597698985590948 0.2106847715970987 0.10154768313659078 0.07405687388966821
1 0.03352924032117841 0.1630789471077164 0.02532458604165235 0.012662293020826176
1 0.2142104215029667 0.15626078932727153 0.03928557578256366 0.01071424794069907
3 0.03320456614115802 0.1489556202767955 0.013636315560889728 0.008441528680550385
3 0.2140480844129565 0.1431114850364142 0.010389573760677489 0.007142831960466446