0 0.5 0.5 0.7142857142857142 0.5552355898406356
1 0.7761655769337011 0.6395170867349075 0.06683603968756639 0.03777689199731946
3 0.8022801139266372 0.6111482541909807 0.01692167678669114 0.01888844599865973
0 0.003794497075274363 0.12417629955251668 0.007588994150548726 0.10706703354321943
0 0.14929945186731872 0.14121424316496942 0.16324232021948562 0.11755108555245421
0 0.17002665741172762 0.07529425278626195 0.2355175459655186 0.10467446487356424
0 0.2884088084211564 0.16709236018331228 0.15152875393823312 0.11414501530215562
0 0.4315836581923506 0.1985247027389317 0.11484284639637916 0.09761641943692279
0 0.5121873974022272 0.22392601992093172 0.1332661052060842 0.1075936303936565
0 0.5923778243444168 0.2542137711041337 0.1251893715572307 0.10701672084731094
0 0.6582027488321094 0.27818399232066404 0.07892122247673454 0.0917286138435725
0 0.702786316617213 0.2922028936816634 0.12745085138567347 0.11803568800248446
0 0.7649767085538705 0.32181119315182455 0.06280468090860962 0.08074887545392702
0 0.7841670277203897 0.3320294150456857 0.0682876292419012 0.08324112469633192
0 0.8140740186292524 0.34224763693954685 0.0862318237872186 0.08772717333266128
0 0.8607538469395002 0.3694131536817632 0.06893561404492696 0.0782566262115221
0 0.872034920325382 0.3712544513686397 0.08821908640865356 0.08942098131885216
0 0.8968520100210571 0.37941967121305165 0.0878542143649669 0.09084868094442747
0 0.9381794388274186 0.40341948195964517 0.032217459478150134 0.04440333793361582
1 0.02822121915045787 0.15042158369748085 0.03210333258801264 0.012714191123965869
1 0.18468994719534798 0.17298952488169783 0.030240351330359794 0.012361019521898744
1 0.6393988796080603 0.29185397153424486 0.012140287030436816 0.00905003214996213
1 0.6834786349009913 0.31258032555228127 0.01483322267908098 0.008476127245188397
1 0.7576311029448467 0.3328422141559787 0.012262915391607995 0.009197186543706317
1 0.7880584617602735 0.3549921050820707 0.009350472986100504 0.006591317022989762
1 0.812063118639345 0.36299365737509454 0.0067446034653839484 0.005671598368618233
1 0.9338074937901157 0.41873305028308777 0.0068978893715615245 0.006642411987429806
3 0.18806978910042266 0.15766816968592712 0.0102984941878889 0.00762851421325194
3 0.6405205021995082 0.28366812041427153 0.004966480849423701 0.004598593379096352
1 0.9106876156763509 0.40871900314155096 0.006591317022989762 0.0058248848110137