0 0.5440109412065967 0.48649389197264115 0.6160410332920161 0.634743228525539
0 0.5 0.47932052253442764 0.7142857142857143 0.6378316700918624
0 0.6330123949602 0.12037237610585103 0.13952286594010302 0.1291496763238954
0 0.7353291633162734 0.07839873130058696 0.1519248984681112 0.1356071601400915
0 0.8686510129923715 0.05049996232863356 0.17672896352412926 0.10099992465726712
0 0.13723161538770398 0.633900451668845 0.16201782677040943 0.28301203767174804
0 0.33471646931280935 0.3306756576022885 0.1459031538676744 0.13984302402521376
0 0.43643923254438755 0.2305313465633809 0.07183249869865145 0.07349107514728936
0 0.39607020842193086 0.24894786003779248 0.02520438550829909 0.0472442625946854
0 0.14350518636718662 0.5188960294513514 0.05504637630938779 0.06929158307353676
1 0.6925882179555987 0.13177188587161975 0.027040466220019318 0.016269547171933765
1 0.8175752618170222 0.08171174072720935 0.027040466220019425 0.01752105080054368
3 0.6847765277142595 0.11487658688537927 0.006609891742672087 0.00750902177166109
3 0.8142703159456861 0.06669369718388633 0.009614387989340912 0.010012029028882617