0 0.5 0.472197514371029 0.6986463281743346 0.7540035508985299
1 0.6660716681725877 0.6258615291744005 0.08780800845906923 0.05726609247330663
3 0.7109301072766782 0.5953196131886386 0.04390400422953535 0.03435965548398304
0 0.15559851778764144 0.053672769465331845 0.1357414627493113 0.10602029280093228
0 0.306348560077564 0.06376476853158033 0.14564852137207288 0.08317491702719845
0 0.4477459190238027 0.08927174308658706 0.1460181876699723 0.09278624077256387
0 0.573247627160399 0.12697770547225062 0.15452051252164095 0.1142268860506867
0 0.6761996911251761 0.1593235065383846 0.1253168749876468 0.10794255898641006
0 0.748839118662264 0.18353664905074635 0.10720322639061271 0.10831222528430799
0 0.816303218028768 0.20479246117991948 0.08687158000618515 0.08354458332509786
0 0.8791464886715425 0.26671156607794627 0.1482361854573643 0.06912759770705049
0 0.8411075547548312 0.431516157638312 0.31778489049033753 0.4357871958713663
0 0.9483988314582715 0.44056763287340356 0.10320233708345694 0.38633617436729367