0 0.5000000000000001 0.49999999999999994 0.6813277608969872 0.7142857142857142
0 0.8816894847567668 0.4673249601522839 0.23662103048646643 0.4845679479941701
1 0.622241685385807 0.6845839790098488 0.12202014329879853 0.03817389957951275
3 0.6516901222042883 0.6162799658336493 0.04567234413977421 0.03612886924489632
0 0.03437133250061202 0.13233562083908182 0.06874266500122404 0.09928016830269687
0 0.2015500067114744 0.1254887126802749 0.13750873885603337 0.11069168190070762
0 0.4914024521009554 0.14260598307729222 0.15120255517364722 0.08102174654587918
0 0.3573171673243249 0.12235054644082181 0.1215326198188176 0.062192749109160735
0 0.7601435973341166 0.2079368984259054 0.10327419806199993 0.08273347358558032
0 0.826615664042532 0.2230571539432694 0.11069168190070763 0.07988059518607764
1 0.028721666213169683 0.16120971171468076 0.0260853473707207 0.0132077708206183
1 0.21098890353769625 0.1544407291691136 0.039293118191337795 0.010236022385978732
3 0.02839147194265498 0.14750664948828857 0.01221718800907178 0.007594468221855072
3 0.2108238064024389 0.14139805548375267 0.009245439574432211 0.005943496869277935