0 0.5 0.49999999999999994 0.6260032102728722 0.7142857142857142
0 0.008761509138083642 0.36623876271924893 0.017523018276167285 0.5149812836057859
1 0.4946279037710359 0.6972080969799354 0.23144813352271978 0.06532810220399327
3 0.48488093722581443 0.6507749510660857 0.041270445266034725 0.03344922919999328
0 0.9034108997236197 0.11421118880975262 0.13652116985246945 0.10352101952389307
0 0.7822596629008985 0.08640969230006154 0.14284996580589573 0.11482244086929598
0 0.6470946636098764 0.06877947500123237 0.1347129424372048 0.11663066828456063
0 0.4967857597160146 0.054765712532932505 0.1270279759223312 0.10953142506586501
0 0.35235359492176344 0.06019039477872585 0.12657591906851504 0.09764428042428297
0 0.2083731867174257 0.060225949402597734 0.18579536691842768 0.11527449772311213
0 0.07976346093824832 0.0803067198492113 0.13380805216929503 0.09900045098573146
3 0.8131464474378847 0.09856123167333494 0.012557134828226084 0.00722035252622957
3 0.9373051180519658 0.13858709893830423 0.00722035252622957 0.008789994379757688
1 0.9362182664574451 0.14826556465075405 0.02639435789011727 0.01268012918945338
1 0.6555544053436522 0.09859262451040578 0.026369983139274206 0.010673564603991886
1 0.8089084144333588 0.11837011186486145 0.027939624992802323 0.010673564603991886
3 0.6571240471971802 0.07614674600495189 0.011301421345402905 0.010359636233285804
1 0.1618392567348883 0.09551612647749008 0.030764980329152477 0.009731779491874787
3 0.15905999783766223 0.06589060024717638 0.0058134884488658355 0.0030884157384605117
3 0.3319669214647625 0.07704091564265965 0.007324994880731018 0.007586601840757289
3 0.4979042162093239 0.05922548166488144 0.014649989761462036 0.013080348001305555
1 0.4958113605291149 0.08015403846697056 0.037148188323707636 0.012557134081253012
1 0.33269942095283656 0.09009510294796258 0.025899089042584835 0.007848208800783562
1 0.042640654377955306 0.11538779234315712 0.023544627802922907 0.010359636233285804