0 0.5000000000000001 0.489597034457228 0.6880683841321065 0.7291470936325314
0 0.011867584129423053 0.09986266893972005 0.023735168258846105 0.12034340753942936
0 0.21404450879566478 0.10453482476183931 0.1429962842527339 0.11326438356652178
0 0.3683672314050502 0.1144454583239106 0.15432272260938562 0.08494828767489132
0 0.5255215636035997 0.14630106620199407 0.15432272260938562 0.10052214041528842
1 0.6201552252887406 0.7186108399220922 0.19717780560203602 0.05340232235055224
1 0.23145390054204623 0.1384920470558219 0.046891458052857805 0.014271313320434841
3 0.6715036121642716 0.64775006603386 0.036970838550381156 0.05134838687553096
3 0.22806430072130612 0.12343211461329066 0.010784293005429617 0.010784293005429789
0 0.4244608257812862 0.10294454798656433 0.07568475478031808 0.06325477680544873
0 0.6222355864481021 0.14575891656667092 0.1071740323166551 0.06822676799539552