0 0.5 0.5000000000000001 0.606469002695418 0.7142857142857144
0 0.0786868584146361 0.05664338146300995 0.05376315890575019 0.03763421123402498
0 0.10401527994356796 0.1121389088223906 0.15531579239439086 0.11529210743122051
0 0.37440707490521213 0.06518481117540773 0.1643001949266536 0.12731114580703995
0 0.5377644986265175 0.057539434111440156 0.1284342129415151 0.11469473899893536
0 0.7121457548281372 0.059878658005038714 0.1378925386100007 0.11300218868039878
0 0.8635446497278375 0.06788567451185547 0.1689517579338148 0.11135456772910589
1 0.481285276650603 0.7013389262003756 0.23089639573231832 0.06111963416443729
1 0.05910437356123735 0.14659741034588117 0.02292657256845429 0.012785973163176312
1 0.35143615711890897 0.09754742408725561 0.029944160030335842 0.011757216208229736
1 0.5338387391974477 0.08454135094184356 0.04078284543426959 0.011683734097385448
1 0.72838393430957 0.08884008329842948 0.04144418887374385 0.012785973163176312
1 0.9019754929743986 0.10753562682157905 0.03559313140843078 0.013395264508549392
1 0.06666025077698486 0.05835651106772993 0.005817372467363828 0.003980307477669342
3 0.4814513730515125 0.6438232195357758 0.04988099558545315 0.032044760800351325
3 0.9058793999088877 0.08757005375792883 0.01015823492330771 0.010158234923307714
3 0.7292213456957299 0.07360248073838055 0.013650128178195418 0.008253565875188117
3 0.5346103065435014 0.0689997801141901 0.011904181910543106 0.008817912526328223
3 0.3488266346883749 0.07315755855828723 0.012951748744311285 0.009904278451532918