0 0.5 0.5 0.7142857142857143 0.5620300751879694
1 0.658666089823394 0.5828622602901649 0.16786864569097612 0.06076495247668092
3 0.6839991473244079 0.537218898802734 0.04790731530776881 0.02965745507064777
0 0.9262933469523592 0.2648176501139354 0.14741330609528158 0.1444155829560257
0 0.7492537618225337 0.23175866124448394 0.2244531349557506 0.16529494434725858
0 0.5556846822579807 0.19739471228808075 0.26186199078171085 0.1887842259123947
0 0.3377563477369894 0.15955086976647115 0.226193081738355 0.13919574260821693
0 0.12809276043335963 0.15041614915780738 0.20183382678191553 0.19226411947760128
3 0.8137591353103233 0.27095698744629815 0.015523251424022212 0.010488683394609842
3 0.38395029388788376 0.19963446578496613 0.017620988795212594 0.013593334213449526
1 0.38294338024244245 0.21700372616881872 0.05286296638564001 0.01409679103616963
1 0.6213301858005392 0.25828718563188846 0.045311114044833976 0.0181244456179327
1 0.813650692079722 0.2882428665837503 0.04631802769027419 0.016614075149772384
1 0.14731917238111997 0.19983063778372365 0.06959787130410958 0.022619308173835055
3 0.14842140346776922 0.1689903075243215 0.015224534606162427 0.011599645414217721