0 0.5 0.5000000000000001 0.7142857142857144 0.5772524837273052
1 0.6557727598630019 0.5687560688808919 0.07218453174897564 0.02963868191017625
3 0.6717394046339675 0.516314723630147 0.0415897633255692 0.035375200989564204
0 0.01886321980869067 0.23053415414513326 0.03772643961738134 0.1313762749533467
0 0.7420996166965244 0.27254788674442587 0.16672116110830487 0.09136319628735183
0 0.9158230665713822 0.34723896692094813 0.16835386685723552 0.14738150641974343
3 0.02736458984743047 0.24493561834848782 0.024699431030426846 0.009262286636410067
1 0.0273981032053867 0.26156783945577733 0.03953088133718481 0.009826885756136956
1 0.7959327886620977 0.3004931148310194 0.026860629914065494 0.011577857721578837
1 0.996199772015919 0.3900447756522455 0.0076004559681619455 0.015437144394016777
3 0.9974594852212381 0.37557788604258624 0.005081029557523875 0.009648215290546151