0 0.5 0.5 0.7142857142857141 0.5714285714285715
0 0.9959183673469402 0.5142857142857136 0.00816326530611966 0.5238095238095233
0 0.307054635909549 0.16059062356421902 0.2318635666324653 0.162391336929854
0 0.09205202623170984 0.14003796182167694 0.18410405246341968 0.19539063986473537
0 0.7080830818678718 0.2083527814847641 0.23360037237503087 0.16586494841498534
1 0.6776515177003049 0.6066593267912082 0.11897357640918549 0.04556434841202848
1 0.11267637178086236 0.19165949389182915 0.06392409738575187 0.02050395576524171
1 0.35184837321309714 0.2094589769095118 0.05318632647220379 0.018007968805549227
1 0.5893438494216737 0.24895060283120257 0.03668600089582866 0.01507643872431327
3 0.6960038246995948 0.5465397004142263 0.032907584964242315 0.03037623227468556
3 0.115172059317236 0.16253631072280778 0.01687650230150968 0.014465573401292665
3 0.3536345729295679 0.19287640256104346 0.017358687463074476 0.012818723049655206
3 0.5938032646997633 0.2058712122369364 0.00710914932114938 0.005563682077420282
0 0.5232869508589265 0.1883795154452657 0.266599681483772 0.181496200098073