0 0.5 0.5 0.7142857142857141 0.5606035151152139
0 0.9371635713806622 0.3543228702248551 0.08464727103467738 0.0864579078482526
0 0.8658697468461094 0.3215050779787903 0.12583925854352815 0.11769139288243706
0 0.8063450615998008 0.3015880730294556 0.10365895757722515 0.10592225359419417
0 0.7149079025142138 0.2751075096309074 0.16340997242523125 0.11271214164510389
0 0.44591517089733607 0.1927009016530327 0.19200294543961788 0.11920025689375109
0 0.15734492873366668 0.13725014923726764 0.19426624145658825 0.12749900895597346
1 0.20539470317393713 0.17710679209610816 0.040286669102064535 0.012674457695031852
1 0.511165995066577 0.23549982933393285 0.01991700494933537 0.012674457695031852
3 0.20797348114864309 0.1617125015805873 0.00995431108705767 0.01309777774612772
3 0.5130731159669477 0.22240760365614384 0.009168444422290502 0.00707279998290864
1 0.7829805364561437 0.3193115618491055 0.01255203706432049 0.008004197548261965
1 0.8483784686970525 0.3445065927680663 0.00982333335468345 0.007094629645050534
1 0.9170508453895251 0.37015640763863134 0.011460555580466774 0.008186111128904251
1 0.9717886418047942 0.39213156818022304 0.00982333335468345 0.00727654322569282
1 0.7807548899172487 0.6257315163693833 0.07430853228305746 0.04236889998595457