0 0.5 0.5 0.7142857142857143 0.6875991729576384
0 0.04719114521072286 0.0658586682583358 0.09438229042144572 0.09622078918879609
0 0.2226222626424375 0.07994814096098084 0.18247585378303716 0.12439973459408621
0 0.3717553080000815 0.09791052785399586 0.17732400203496335 0.12958292456401124
0 0.4271690586360091 0.13584763405859138 0.027280615697687305 0.012787788608290666
0 0.2643378836904403 0.12263358583002491 0.03751084658431901 0.010230230886633085
0 0.06484838140110691 0.093647931651233 0.040920923546529576 0.010230230886633128
1 0.7296004231379519 0.6646872145020906 0.08679136413905873 0.0697215944607398
0 0.5092161306906249 0.1256306545833627 0.16519321010306648 0.12178066000772114
0 0.6958900961006104 0.17163668169739246 0.19281937834555907 0.13125248911943363
0 0.7970009798599094 0.2007155660163375 0.09951320098423495 0.10636492957659213
0 0.8528522030109634 0.2201613032117764 0.1090012120474352 0.10430288394194225
0 0.9509691095138788 0.25813957707609386 0.09806178097224238 0.12059042322548598