0 0.5 0.5000000000000001 0.7142857142857141 0.559743686392763
1 0.6584201763490255 0.5871847046757062 0.1683115888200633 0.06101295094727202
3 0.6828605145902091 0.5416620154784928 0.04727397324851369 0.029525143923155448
0 0.9253746550932938 0.26798530936018217 0.1492506898134125 0.14748356264501217
0 0.7558786204117108 0.22909660876224452 0.21425472782260324 0.1489510607807828
0 0.5728082279742449 0.24046971931447036 0.49968311523011844 0.19664475019334882
0 0.324801043028899 0.16415981625436454 0.20031349553277766 0.13794482476249853
0 0.1259550456318931 0.15241983116819494 0.2032484918043212 0.19957974646489232
3 0.8148952829934804 0.27523600325538394 0.01316332226790402 0.009766335876188578
3 0.1470242585045728 0.174409280837593 0.01651312836886664 0.013859232738156287
1 0.1434857309969601 0.2027175008985078 0.06310374055245506 0.01739776024577009