0 0.5 0.49999999999999994 0.7142857142857141 0.5645736221551947
1 0.6596600956274311 0.5883755340089233 0.17080072005046187 0.06060670711467928
3 0.684948175232933 0.541528562415849 0.04763829801551407 0.029595839513205418
0 0.554547400481576 0.1995075326136846 0.25976501267243496 0.19037572846541367
0 0.3348146671593448 0.15903045015958855 0.22951840160783626 0.14322659945295202
0 0.1235331928110485 0.14568635704285507 0.20016139675101993 0.1912653346731961
1 0.13887895322444338 0.19973300450571851 0.059718931692209855 0.020077916689621635
1 0.3816158178182138 0.21697942012372948 0.05611520305561093 0.014414914546395713
1 0.6225508180936881 0.25842229944461714 0.039641015002588216 0.01904827993630926
3 0.14222527267271592 0.171160584601257 0.019048279936309268 0.018533461559651954
3 0.3818732270065447 0.20076264125903315 0.015444551299710339 0.00875191240316979