0 0.4999999999999999 0.49999999999999994 0.7142857142857142 0.6507317567225394
0 0.08107560642123003 0.5227882716361982 0.16215121284246006 0.46842558363295606
0 0.5985394833190169 0.11194665585066504 0.17977226076846378 0.1291567698724882
0 0.7495132751294249 0.08838427215771201 0.17453617550336245 0.12392068460738685
0 0.9196860462452034 0.06743993109730742 0.1606279075095931 0.13487986219461484
1 0.26563329696446286 0.6497907230397924 0.13397953904176643 0.05520296197227249
1 0.9000433395513655 0.09864402072880706 0.044682756725932575 0.014894252241978054
1 0.7081779053043179 0.1276037540409885 0.035373849074697046 0.011170689181483508
3 0.2368022569174988 0.6067561559108703 0.03307089887739766 0.03307089887739766
3 0.542661201824209 0.1405344188912352 0.011755676147089224 0.009308907651235482
3 0.7058439394367055 0.11176530814494519 0.014456991929888464 0.009637994619925157
3 0.8996875166191022 0.07310501682215068 0.015417267759019972 0.011305996356614502