0 0.5 0.4751059994026982 0.7142857142857142 0.7297616461711348
0 0.8222584526164326 0.05508330842503933 0.1225165572563765 0.09835606815039001
0 0.9856138622915995 0.058965784799396896 0.02877227541680094 0.09059111540167485
0 0.11268339183992071 0.4420367870693376 0.16335540967516815 0.43224903634513573
1 0.37500000000000105 0.7431077950188963 0.1642857142857139 0.07062209479075493
3 0.2723214285714295 0.636269241361089 0.04821428571428626 0.03440563592370057
0 0.673645477560419 0.062067622398580304 0.13625164599549497 0.06733033569984886
0 0.7413563209256933 0.038817615852226525 0.07504215020564009 0.05119910943842641
0 0.5501884784174566 0.07290892381713439 0.13256292917121862 0.060492094382482334
0 0.5782967441024863 0.13217510426218645 0.33862337000528986 0.10907514058261325
0 0.42396595536917436 0.15085939772058635 0.12407890842853496 0.10857016484505641
0 0.34529284336569177 0.17656426097150102 0.10824052080352786 0.105554328362784
0 0.2629885495917623 0.21706766604094116 0.10063256087484525 0.10520364953101466
0 0.19788808513090342 0.24342649421413284 0.09077678845420425 0.08416291392345422
0 0.15475725079644678 0.26281138721122266 0.06484056440169261 0.053575930010347925
0 0.05001283949620178 0.4623540743467408 0.10002567899240355 0.2940665950747242
0 0.05603635200698922 0.4051986975592213 0.11207270401397844 0.25828994700925395