0 0.5000000000000001 0.5118279569892473 0.7142857142857143 0.5612903225806452
1 0.6971123917001785 0.3635545320013906 0.1406938443528682 0.07034465044712745
3 0.6858120350512957 0.3041270506063787 0.03832061889670196 0.029039185741273607
0 0.8502768479481496 0.45886773050346047 0.15999433619681083 0.23141290583038798
0 0.940041112151592 0.49553191517206086 0.09395016253417358 0.16760770134217354
0 0.9581800049180919 0.48648490856552284 0.08363999016381629 0.1666553848572749
0 0.4768821837166129 0.22402949602690922 0.12186740246466407 0.07462935806060188
0 0.3677248784415144 0.21044312571331233 0.12111974968880651 0.08572808310551135
0 0.26061659737171555 0.19513131090389804 0.10206807377676283 0.07500619539650577
0 0.135765604731932 0.18709753165332968 0.10579286778374143 0.09108608829960611
0 0.003991802987166081 0.19015924890709748 0.007983605974332161 0.08037007791141756
1 0.7214838267825038 0.5738532778046784 0.031850006305513066 0.02250362044025913
1 0.8791637875766977 0.5614533236845355 0.02691549828634863 0.01607401460018453
3 0.749520804164117 0.5033572423438668 0.010766199314539643 0.015614757040180184
3 0.9112968173060995 0.5040620867056312 0.0072688467609164 0.010630963167833577
3 0.14474500603349436 0.19905975342049587 0.007528448430948481 0.006112803821503794
1 4.804431806889792e-05 0.21482530725737378 9.608863613779583e-05 0.011162511010477692
1 0.14490577209882846 0.20988190952416322 0.031152199522743798 0.0102057243524375
1 0.2783929470537855 0.21913084721855905 0.02336414964205761 0.008930008808382935
1 0.39474641227123464 0.2350772915192426 0.027413935580014773 0.011481439896492066
3 0.39695821843734924 0.2243931738377845 0.008722615866368685 0.006059648834259431