0 0.5 0.5 0.7142857142857141 0.5111266929918442
0 0.011938590987930238 0.21583570136915492 0.023877181975860477 0.12362992213160097
0 0.09858432165618784 0.18304085056010833 0.10175831474107279 0.07349211620188596
0 0.2180561208151509 0.20320407218472933 0.13567775298809634 0.08762521547147938
0 0.33017870835392615 0.21262613836445757 0.1300245132802596 0.08197197576364158
0 0.43287922971297155 0.2399501302856723 0.13190892651620484 0.09139404194337085
0 0.5266287882012739 0.2550254361732383 0.12531348019039443 0.08574080223553313
0 0.588343321678498 0.2635052957349945 0.10364272797701801 0.07443432281985858
0 0.656653301481533 0.2809361181674924 0.06501225664012927 0.04334150442675282
1 0.24820673259028456 0.23241247734188825 0.024497372067295322 0.00847985956175559
1 0.47480742421276545 0.26774522551587226 0.02355516544932271 0.009422066179729295
3 0.24914893920825718 0.22063489461722796 0.009422066179729295 0.009422066179729295
3 0.36928028299980015 0.2366524071227671 0.01224868603364713 0.0075376529437830115
3 0.5718547058639726 0.28423384133039775 0.006595446325810401 0.008479859561755624
0 0.785335467987461 0.34717308811125314 0.07217721143363619 0.07010016937799166
0 0.813167831533094 0.3601026749076398 0.05659939601630494 0.06386904321105917
0 0.839390487485602 0.37204566672759337 0.06023421961368153 0.06698460629452542
0 0.8667514774534656 0.3846394023152203 0.04363230867919783 0.059498602744360876
0 0.8819326360930878 0.39051714307117874 0.04255051590202816 0.053368443673730226
0 0.9000643024058941 0.40105938762489457 0.04674412808134618 0.055926010383038724
0 0.9163412755770769 0.4059216116619277 0.055926010383038724 0.06009959324744539
0 0.9428435267660553 0.4160425501081113 0.06302110125252953 0.06489921354151174
0 0.9423218289080038 0.41691900250963726 0.044866015792362914 0.04924827779998912
0 0.9787780752285892 0.4360861818144216 0.035475454347449774 0.04280009227448292
0 0.9771086420828266 0.4368061248585312 0.023789422327113226 0.035892812633890964
0 0.9952923358707341 0.4473341155542535 0.009415328258531863 0.03490062404137684