0 0.5000000000000002 0.4763094855900651 0.6339288825968067 0.7481293062999069
0 0.9789425932854557 0.5101034885226148 0.042114813429088516 0.5686714976236052
0 0.9279658715785081 0.23215831523011277 0.10582768765116765 0.10422423783826984
0 0.8157243846757546 0.16962377252715122 0.1827932786701967 0.13950013372199238
0 0.6842415000182458 0.15679617402397972 0.16996568016702499 0.13629323409620042
0 0.5351206674188737 0.11831337851446425 0.1827932786701967 0.14270703334778612
0 0.35874118800026294 0.06940815922112044 0.16675878054123344 0.09941388839958007
0 0.19358585727192565 0.06620125959532845 0.14751738278647392 0.10903458727695962
1 0.6231403574457596 0.775439732482296 0.15780246143571366 0.0499033425053119
1 0.9592331429299886 0.2586152371429038 0.02405174719344703 0.01924139775475726
3 0.6410025639599508 0.7082062643341165 0.04894303872990133 0.03262869248659968