0 0.5000000000000001 0.49882770500342016 0.7076594310303677 0.7159604214236855
0 0.8204689626235244 0.09575585646163931 0.15128005376512735 0.10678592030479643
0 0.6395261532181747 0.10168840758968312 0.15721260489317274 0.08898826692066343
0 0.4941786505810904 0.13135116322990453 0.16314515602121654 0.10085336917675267
0 0.37107821467417307 0.1550813677420805 0.15424632932915014 0.12458357368892943
0 0.2541044894513953 0.19709675761332004 0.12335801957588484 0.10896625062536394
0 0.18029527440515697 0.2145724770532379 0.1398057555193352 0.11307818461122687
0 0.08572079273031327 0.2608317343941948 0.10691028363243338 0.09868641566070742
0 0.02095783245297397 0.28447535481290637 0.04191566490594794 0.10074238265363977
1 0.36095841091192127 0.6658851366689461 0.18884753144798647 0.05395643755656835
3 0.31219009235117834 0.6223049371040262 0.029053466376612706 0.029053466376612807