0 0.8223707927650941 0.37643964762480664 0.18687258067976759 0.3140283036216473
0 0.3779692630906885 0.3807296517726433 0.22934362174335085 0.5559845375596391
0 0.137428730521484 0.41933968910317365 0.10656370303226391 0.2350922273014517
0 0.6843191623210299 0.13281711086939693 0.05189809737520363 0.09955760370171951
0 0.6288281197429278 0.10639984572874348 0.06431815486670535 0.09955760370171951
0 0.5645099648762222 0.0891497658794361 0.05367239130256094 0.09462900945906065
0 0.4902114066681316 0.08224973393971355 0.053228817820721766 0.09068613406493327
0 0.425449678319587 0.07781399912131912 0.07185890405797452 0.08378610212521008
0 0.24320048660081164 0.18380150345990917 0.039007939941213904 0.08798783445386588
0 0.20903187755456035 0.23072834850197133 0.029329278151288617 0.07364907624656945
0 0.07055979207141233 0.46528239120100257 0.04005338610424623 0.1315014396827578
0 0.19163725640091678 0.2444160277802767 0.03544150257188759 0.09271616706569781
0 0.1725706252704706 0.2663488845054947 0.023029499561479688 0.07144794236245489
0 0.1615344105455539 0.278578113709861 0.02332858397136904 0.0628077260767638
0 0.7637408156563266 0.17127317398802522 0.050784532111163114 0.0733753742320696