0 0.6930121108832048 0.4829438286212481 0.2340540540540541 0.45743513098351846
0 0.47949859736969147 0.49314684269523007 0.18694980694980678 0.5152522107360817
0 0.2868345047055989 0.4922965915223984 0.2294208494208494 0.4387296051812178
0 0.17108814500551883 0.5009670298369294 0.1324503311258276 0.30139808682854996
0 0.33197983073896076 0.2145783291187101 0.04805379339161053 0.08384333658560705
0 0.3759305694640571 0.19927488515939537 0.05544668468262781 0.08384333658560698
0 0.4291593867593797 0.18218061265165 0.051010949908017356 0.08709938849184466
0 0.4881176948052406 0.17607551532745558 0.043248414052449835 0.08628537551528483
0 0.5455974245928978 0.1789245607454133 0.04879308252071235 0.08709938849184475
0 0.5992530426529605 0.18424380299566454 0.060722313513367876 0.10072391130249819
0 0.6497235370017338 0.2050832329203194 0.051259095822973055 0.09030419634017102
0 0.6897450618173626 0.22201526973410124 0.05165339656007273 0.08596264843920065
0 0.7271720877828745 0.2403192356845901 0.0520476972971724 0.08544166269108461
0 0.7534325168737204 0.25230190789126583 0.04116499695321796 0.08439969119485159
0 0.8234603277826433 0.30752639719160135 0.02413120511050737 0.06772814725512832
0 0.8359990912224167 0.32159301239074317 0.029335974840224655 0.0666861757588952
0 0.8606034572174437 0.34451638530786355 0.022711722456947747 0.058350403789033105
0 0.895853943114165 0.38046440192789327 0.019399596265309516 0.055224489300335106
