0 0.67140554680272 0.42620369573971295 0.29420848445864217 0.6812526586764716
0 0.14437853724097965 0.42448769408057757 0.18223937620010403 0.3483483368043417
0 0.4246874082606307 0.1276194070502769 0.22702701950351914 0.204204197437028
0 0.18836842900641745 0.21531480738482506 0.02997543734253261 0.08613631420268032
0 0.21963591106199015 0.19004815521870505 0.04754724543987968 0.08728479839204902
0 0.24767328133496322 0.15938362736255174 0.04496315601379892 0.09876964028573999
0 0.28811428085312124 0.12401031432998426 0.060467692570281735 0.1136999347475384
0 0.6440673402585162 0.07843829146017073 0.060653745588957746 0.08351776829563304
0 0.8790268771469815 0.4027530493174134 0.11638373470023955 0.2586305215560879
0 0.9577551165253333 0.4633642433573738 0.042792519894049676 0.09592139725043114
0 0.04806045460858316 0.4977633817160972 0.039741225831384876 0.15975873555188552
0 0.15784071808342062 0.2447483437912649 0.025870801455428853 0.048850453615260546