1 0.102404 0.331604 0.012530 0.010174
0 0.501502 0.169490 0.116294 0.146151
0 0.114946 0.258046 0.097324 0.203573
3 0.102934 0.353936 0.014443 0.008483
3 0.153856 0.338858 0.014551 0.008855
0 0.449699 0.167146 0.104142 0.136930
1 0.309025 0.351352 0.010834 0.013795
1 0.374145 0.336538 0.012872 0.015833
0 0.916486 0.212530 0.167027 0.272662
0 0.276605 0.229167 0.226115 0.320803
1 0.453738 0.224787 0.005314 0.004658
1 0.405541 0.221088 0.004250 0.004227
3 0.405622 0.185177 0.005723 0.004658
3 0.217909 0.322221 0.015804 0.010629
1 0.217079 0.309445 0.012361 0.007692
