0 0.3438969473696205 0.47027834639184957 0.2808898614150257 0.7197546724390796
1 0.2986031185620095 0.7783332728627923 0.06351092011397785 0.04357195829556448
3 0.2593729117531447 0.6491504853976093 0.018076184955516883 0.03340516802659918
0 0.06694844633623043 0.4660551359324321 0.01484907304924965 0.037485244569330875
0 0.10769285409331841 0.3735383621017429 0.020281660750194774 0.04386571173006873
0 0.11001860223985216 0.3663883247862604 0.01592888452241814 0.028846876328092335
0 0.1425051430421529 0.31635630248281776 0.017186428037346158 0.027231451253719178
0 0.1501656789539214 0.2952173115095917 0.012051458684724459 0.02330827607309852
0 0.16362139456364844 0.2805861758359834 0.017291223330256678 0.03507780161495952
0 0.17504408149090867 0.25727789976288484 0.016243270401150145 0.028154551296217984
0 0.1913397495385143 0.23073877354103955 0.017186428037346158 0.027693001274968092
0 0.2298205406892846 0.17311878501966108 0.01252513321640869 0.02093590864249133
0 0.5566782759346125 0.024777237070923556 0.07536086058560043 0.04955447414184711
0 0.6859737062332514 0.046539420113961776 0.05823734015413118 0.04450375844614222
0 0.6640260519214334 0.030556349876315902 0.038462720922690874 0.028233567186262302
0 0.6400941528404873 0.014964138606911615 0.030809816115730193 0.02741607126221894
0 0.6217843192631394 0.011724057457740366 0.019869187535858757 0.021323610981725843
0 0.772356415702425 0.11249149154435643 0.044747141461283224 0.05581633057169212
0 0.7302977010774747 0.06943618983779831 0.030784664772860015 0.03356391703002608