0 0.6378429721690375 0.4028164043198979 0.34070021881838075 0.6779925178231103
1 0.715576968985201 0.7128897301660795 0.06261199990622224 0.02943528017821561
3 0.7467422678149274 0.5506083828677582 0.02216042693310083 0.03253373072329068
0 0.236485927923074 0.1958714421514517 0.09324928780043606 0.15366718169737406
0 0.16763240506041255 0.21921081265141198 0.021006005776987635 0.04625838691534481
0 0.14954188801626533 0.24405475665853227 0.01593559058943894 0.0271169854331332
0 0.17981226731834332 0.19243012177733373 0.018653562138095214 0.0323085014874631
0 0.1863180324600302 0.1747175571206553 0.01807718609999931 0.020192811277044507
0 0.21127181425011932 0.144428919567388 0.021503994105264823 0.03489318160645976
0 0.2624256058230705 0.07759975050248956 0.022880303179709127 0.03750093522879666
0 0.2821622890315483 0.057968325770905486 0.01761143085680006 0.03221234466071266
0 0.7393667338147429 0.04184942734469313 0.03678314781163694 0.04453957705057399
0 0.7091332918100213 0.01544380717000862 0.04003180189186706 0.03088761434001724
0 0.7507370230955481 0.04311868990312911 0.017605609208988682 0.02907765133871679
0 0.7860949549236005 0.08835059198557794 0.02804322038288909 0.035723971644709175
0 0.07274320655057198 0.437502545388134 0.03520316830212389 0.09331433222578198
0 0.06380387806625709 0.4286283451517515 0.010898710462707406 0.03623167666808376
0 0.11178238832307685 0.3170287985017303 0.013099410217390695 0.02826993578786231
0 0.10440305390061377 0.32558670423343034 0.007597657926086576 0.02346212357904205