0 0.9005767822265627 0.3897215035794865 0.11603393554687536 0.23858069197080098
0 0.783078332929044 0.32713263730419906 0.20331312329099127 0.4361069142193539
0 0.1001852332151556 0.4983215793915166 0.07943750469640642 0.20849988932544367
1 0.8688980343962611 0.5057171355039157 0.018659725409318817 0.019611863890614888
3 0.8741990927511809 0.47162984826546583 0.007492162474953545 0.008093785097714308
0 0.7668167641903778 0.10499400292901458 0.038631736185549936 0.03688707713200891
0 0.792168841062145 0.14038565801513145 0.048591480670887144 0.047188873448156164
0 0.7230542505426842 0.067608451781708 0.04074440925819722 0.04054255324419051
0 0.7072092024978298 0.05149112528709104 0.02625750818861583 0.021600540662887895
0 0.6687661449808404 0.03448770450576454 0.04690637310680579 0.036000901657459304
0 0.6434266431550457 0.01648725367703489 0.037223288041861924 0.023262121070973824
0 0.5672446114349483 0.02789668856301295 0.08556325944221443 0.05549677370311275
0 0.2052229899148914 0.21598755033524006 0.02157944638489706 0.03422854905042264
0 0.22189801666685716 0.1903992175499718 0.02052310984857364 0.03688707713200891
0 0.1524606958686643 0.30227902683470825 0.02033028682466531 0.02907765133871679
0 0.16559678583501425 0.27585528811817667 0.022541467505080348 0.03530857662558495
0 0.17671179830061057 0.25327720861277625 0.022268997369564225 0.024615998509158597
0 0.11259768615409471 0.3643061208900695 0.013099411381090942 0.033013646766700135
0 0.07271721930365938 0.4457316849654514 0.012856829498490097 0.028980425737477014