0 0.677674913406372 0.4131460013440863 0.2512419700622557 0.7239230510752693
0 0.08049636354132117 0.48514024339011214 0.03632991992571899 0.07720225785512011
1 0.7292071569347804 0.7293497849320008 0.07181619428272867 0.06132349686042414
3 0.736681903686657 0.6280046374889837 0.033416514890738824 0.030338993183578432
0 0.7316558480527482 0.05464812738397545 0.0573439834004259 0.04984740152974242
0 0.6913339734090804 0.019522325106016716 0.04647880759823986 0.03223465298923295
0 0.16375816504802176 0.28898372292720936 0.015864842672654422 0.037821459402627905
0 0.18751904180316714 0.25132252394577953 0.019867440594654617 0.03525729266346643
0 0.19868992873093094 0.22704307013434646 0.01368160744247282 0.024199323600834016
0 0.20934411665421804 0.2043341684506505 0.01870304847189086 0.032052084239514576
0 0.14461243012796343 0.32207532946347744 0.013746296029422567 0.02748911418508723
0 0.12011161672380055 0.3666031031707281 0.01594974602878718 0.030983680972786393