1 0.10219594594594594 0.33123501199040767 0.0125 0.010191846522781775
0 0.5013513513513513 0.16906474820143885 0.11621621621621622 0.14628297362110312
0 0.11486486486486487 0.2577937649880096 0.0972972972972973 0.2038369304556355
3 0.10287162162162163 0.3537170263788969 0.014527027027027028 0.008393285371702638
3 0.1535472972972973 0.3384292565947242 0.014527027027027028 0.008992805755395683
0 0.44949324324324325 0.16666666666666666 0.1043918918918919 0.1366906474820144
1 0.3087837837837838 0.35101918465227816 0.010810810810810811 0.013788968824940047
1 0.37398648648648647 0.3363309352517986 0.012837837837837839 0.015587529976019185
0 0.9162162162162162 0.21223021582733814 0.16689189189189188 0.27218225419664266
0 0.27652027027027026 0.22871702637889688 0.2260135135135135 0.3207434052757794
1 0.4535472972972973 0.22452038369304556 0.005067567567567568 0.004196642685851319
1 0.40540540540540543 0.22092326139088728 0.004054054054054054 0.004196642685851319
3 0.40557432432432433 0.18465227817745802 0.0057432432432432436 0.004796163069544364
3 0.2177364864864865 0.32194244604316546 0.01587837837837838 0.01079136690647482
1 0.2168918918918919 0.309052757793765 0.012162162162162163 0.0077937649880095924
