1 0.37618243243243243 0.2745803357314149 0.006418918918918919 0.008393285371702638
0 0.3643581081081081 0.19874100719424462 0.11385135135135135 0.2092326139088729
1 0.5972972972972973 0.25989208633093525 0.008108108108108109 0.0077937649880095924
3 0.5967905405405406 0.20983213429256595 0.0125 0.007194244604316547
0 0.668918918918919 0.1828537170263789 0.175 0.19424460431654678
0 0.5016891891891891 0.1696642685851319 0.11418918918918919 0.14628297362110312
0 0.20118243243243245 0.24010791366906475 0.2179054054054054 0.329136690647482
1 0.45337837837837835 0.2263189448441247 0.005405405405405406 0.004196642685851319
0 0.4592905405405405 0.16696642685851318 0.07871621621621622 0.13848920863309352
0 0.8785472972972973 0.21492805755395683 0.2429054054054054 0.28597122302158273
1 0.2233108108108108 0.3504196642685851 0.019594594594594596 0.012589928057553957
1 0.2905405405405405 0.3393285371702638 0.013513513513513514 0.015587529976019185
1 0.4114864864864865 0.26468824940047964 0.008783783783783784 0.006594724220623501
