0 0.6376953125 0.40241935483870966 0.3408203125 0.6779569892473118
1 0.7154541015625 0.7126344086021505 0.062744140625 0.02956989247311828
3 0.7467041015625 0.5502688172043011 0.022216796875 0.032795698924731186
0 0.236328125 0.1956989247311828 0.09326171875 0.15376344086021507
0 0.16748046875 0.21881720430107526 0.02099609375 0.046236559139784944
0 0.1494140625 0.24381720430107526 0.01611328125 0.027419354838709678
0 0.1796875 0.19193548387096773 0.0185546875 0.03225806451612903
0 0.186279296875 0.17446236559139786 0.01806640625 0.01989247311827957
0 0.211181640625 0.1443548387096774 0.021484375 0.03494623655913978
0 0.2623291015625 0.07741935483870968 0.022705078125 0.03763440860215054
0 0.281982421875 0.057526881720430106 0.017578125 0.03225806451612903
0 0.7392578125 0.041666666666666664 0.03662109375 0.044623655913978495
0 0.708984375 0.01532258064516129 0.0400390625 0.03064516129032258
0 0.7506103515625 0.043010752688172046 0.017822265625 0.02903225806451613
0 0.7860107421875 0.08817204301075268 0.028076171875 0.035483870967741936
0 0.0726318359375 0.43709677419354837 0.035400390625 0.0935483870967742
0 0.063720703125 0.4282258064516129 0.0107421875 0.03602150537634408
0 0.1116943359375 0.31666666666666665 0.012939453125 0.02795698924731183
0 0.1043701171875 0.32526881720430106 0.007568359375 0.023655913978494623
