0 0.8043212890625 0.3663978494623656 0.214599609375 0.4768817204301075
0 0.77099609375 0.10887096774193548 0.04736328125 0.057526881720430106
0 0.6597900390625 0.032795698924731186 0.045654296875 0.03225806451612903
0 0.6439208984375 0.01801075268817204 0.039794921875 0.026344086021505377
0 0.6878662109375 0.038172043010752686 0.027099609375 0.030107526881720432
0 0.561279296875 0.024193548387096774 0.07763671875 0.04838709677419355
0 0.205078125 0.2161290322580645 0.02099609375 0.03333333333333333
0 0.2215576171875 0.18870967741935485 0.019287109375 0.03225806451612903
0 0.2379150390625 0.16478494623655915 0.013916015625 0.031720430107526884
0 0.1741943359375 0.25967741935483873 0.015380859375 0.025806451612903226
0 0.0657958984375 0.47661290322580646 0.023193359375 0.0543010752688172
0 0.07080078125 0.45026881720430106 0.01025390625 0.014516129032258065
0 0.11328125 0.3618279569892473 0.01171875 0.025806451612903226
0 0.105712890625 0.37553763440860216 0.0068359375 0.027419354838709678
0 0.1024169921875 0.3817204301075269 0.008056640625 0.026881720430107527
0 0.18994140625 0.2368279569892473 0.0146484375 0.03494623655913978
0 0.24365234375 0.16263440860215053 0.00927734375 0.025268817204301075
0 0.906982421875 0.3922043010752688 0.10107421875 0.23172043010752688
