0 0.683349609375 0.4290322580645161 0.27880859375 0.7279569892473118
1 0.749755859375 0.7446236559139785 0.05029296875 0.05698924731182796
3 0.783447265625 0.6263440860215054 0.05126953125 0.04408602150537634
0 0.150146484375 0.3064516129032258 0.02294921875 0.04516129032258064
0 0.1622314453125 0.27338709677419354 0.016357421875 0.02204301075268817
0 0.1722412109375 0.2577956989247312 0.012451171875 0.01881720430107527
0 0.2000732421875 0.21854838709677418 0.020263671875 0.03602150537634408
0 0.2291259765625 0.18467741935483872 0.037353515625 0.06612903225806452
0 0.211181640625 0.1956989247311828 0.01171875 0.024731182795698924
0 0.1107177734375 0.3704301075268817 0.016845703125 0.03978494623655914
0 0.1026611328125 0.37849462365591396 0.010009765625 0.02795698924731183
0 0.095458984375 0.39704301075268816 0.00732421875 0.017741935483870968
0 0.7713623046875 0.11451612903225807 0.045166015625 0.046236559139784944
0 0.7259521484375 0.06666666666666667 0.038818359375 0.03225806451612903
0 0.710205078125 0.04596774193548387 0.02783203125 0.025268817204301075
0 0.6796875 0.04247311827956989 0.048828125 0.03225806451612903
0 0.664306640625 0.030107526881720432 0.03955078125 0.02795698924731183
0 0.6409912109375 0.015860215053763442 0.030029296875 0.02849462365591398
0 0.6334228515625 0.008602150537634409 0.016845703125 0.017204301075268817
