0 0.3592529296875 0.4774193548387097 0.287841796875 0.6655913978494624
0 0.8033447265625 0.36935483870967745 0.216552734375 0.4806451612903226
0 0.90673828125 0.3935483870967742 0.1025390625 0.23118279569892472
1 0.29638671875 0.6916666666666667 0.068359375 0.06290322580645161
0 0.7335205078125 0.09032258064516129 0.070556640625 0.05591397849462366
0 0.6689453125 0.03306451612903226 0.04833984375 0.037096774193548385
0 0.5679931640625 0.0271505376344086 0.085205078125 0.0543010752688172
0 0.6435546875 0.016129032258064516 0.037109375 0.023655913978494623
0 0.7159423828125 0.055645161290322584 0.027099609375 0.017741935483870968
0 0.7069091796875 0.04946236559139785 0.024658203125 0.017204301075268817
0 0.1671142578125 0.2782258064516129 0.026611328125 0.044623655913978495
0 0.17724609375 0.2521505376344086 0.02392578125 0.025806451612903226
0 0.2091064453125 0.21370967741935484 0.031982421875 0.0521505376344086
0 0.2225341796875 0.18010752688172044 0.017333984375 0.024731182795698924
0 0.14111328125 0.318010752688172 0.01513671875 0.031720430107526884
0 0.09765625 0.4158602150537634 0.01953125 0.043548387096774194
0 0.1123046875 0.3650537634408602 0.0126953125 0.03118279569892473
0 0.1058349609375 0.37338709677419357 0.009033203125 0.027419354838709678
0 0.0645751953125 0.4774193548387097 0.020751953125 0.05161290322580645
