0 0.8140869140625 0.36075268817204303 0.222900390625 0.4258064516129032
0 0.3758544921875 0.4190860215053763 0.244873046875 0.7155913978494624
1 0.334228515625 0.7370967741935484 0.078125 0.04408602150537634
1 0.898681640625 0.5341397849462366 0.0146484375 0.02204301075268817
3 0.32177734375 0.6741935483870968 0.03564453125 0.02043010752688172
3 0.9173583984375 0.46908602150537637 0.004150390625 0.012365591397849462
0 0.675048828125 0.028763440860215053 0.0859375 0.057526881720430106
0 0.7332763671875 0.04086021505376344 0.036865234375 0.04086021505376344
0 0.7576904296875 0.07876344086021506 0.059814453125 0.0467741935483871
0 0.1951904296875 0.23709677419354838 0.022216796875 0.046236559139784944
0 0.173095703125 0.26908602150537636 0.0205078125 0.02849462365591398
0 0.142822265625 0.33225806451612905 0.015625 0.03333333333333333
0 0.0770263671875 0.47043010752688175 0.020263671875 0.04838709677419355
