0 0.68115234375 0.40403225806451615 0.25390625 0.6779569892473118
1 0.7156982421875 0.7126344086021505 0.062255859375 0.02849462365591398
3 0.746826171875 0.5502688172043011 0.0224609375 0.032795698924731186
0 0.73974609375 0.04059139784946236 0.037109375 0.04247311827956989
0 0.750732421875 0.04408602150537634 0.017578125 0.03333333333333333
0 0.7091064453125 0.016397849462365593 0.039794921875 0.032795698924731186
0 0.282470703125 0.05618279569892473 0.0185546875 0.03387096774193549
0 0.2618408203125 0.0771505376344086 0.023193359375 0.037096774193548385
0 0.2108154296875 0.14623655913978495 0.020751953125 0.034408602150537634
0 0.1954345703125 0.16129032258064516 0.012939453125 0.01827956989247312
0 0.1883544921875 0.1774193548387097 0.015869140625 0.025806451612903226
0 0.177978515625 0.1932795698924731 0.01513671875 0.02956989247311828
0 0.1676025390625 0.21935483870967742 0.021240234375 0.047311827956989246
0 0.150634765625 0.24435483870967742 0.0166015625 0.027419354838709678
0 0.0732421875 0.4376344086021505 0.03369140625 0.0913978494623656
0 0.0640869140625 0.42795698924731185 0.010986328125 0.03763440860215054
0 0.086669921875 0.37311827956989246 0.0107421875 0.023655913978494623
0 0.096435546875 0.34301075268817205 0.0068359375 0.016129032258064516
0 0.1116943359375 0.3163978494623656 0.013427734375 0.02849462365591398
0 0.10498046875 0.32526881720430106 0.0078125 0.023655913978494623
