0 0.8138427734375 0.36155913978494625 0.222412109375 0.4252688172043011
0 0.375732421875 0.41693548387096774 0.2451171875 0.7166666666666667
1 0.8983154296875 0.535752688172043 0.014404296875 0.01881720430107527
1 0.3349609375 0.7379032258064516 0.0771484375 0.04247311827956989
3 0.917236328125 0.46801075268817205 0.00439453125 0.013440860215053764
3 0.321533203125 0.6739247311827957 0.03564453125 0.020967741935483872
0 0.6759033203125 0.026881720430107527 0.085205078125 0.053763440860215055
0 0.757568359375 0.08037634408602151 0.06005859375 0.051075268817204304
0 0.7315673828125 0.044623655913978495 0.036865234375 0.046236559139784944
0 0.2081298828125 0.2163978494623656 0.022216796875 0.044623655913978495
0 0.1429443359375 0.33145161290322583 0.014892578125 0.02956989247311828
0 0.12109375 0.36612903225806454 0.01171875 0.03118279569892473
0 0.0777587890625 0.4728494623655914 0.021728515625 0.05
0 0.080078125 0.4532258064516129 0.01904296875 0.03333333333333333
0 0.172607421875 0.26908602150537636 0.02001953125 0.02956989247311828
0 0.1893310546875 0.24220430107526883 0.013916015625 0.03387096774193549
0 0.1981201171875 0.22903225806451613 0.013427734375 0.030107526881720432
