0 0.6533203125 0.471505376344086 0.31103515625 0.7752688172043011
0 0.3048095703125 0.3771505376344086 0.229736328125 0.660752688172043
0 0.12939453125 0.43629032258064515 0.1357421875 0.3618279569892473
0 0.0556640625 0.48440860215053766 0.0634765625 0.15376344086021507
1 0.2567138671875 0.6655913978494624 0.060791015625 0.03225806451612903
1 0.729248046875 0.714247311827957 0.06591796875 0.07043010752688172
3 0.2398681640625 0.6086021505376344 0.022216796875 0.01827956989247312
3 0.756103515625 0.6744623655913978 0.01220703125 0.026344086021505377
0 0.114990234375 0.2970430107526882 0.013671875 0.023118279569892472
0 0.141357421875 0.24408602150537634 0.01318359375 0.023655913978494623
