0 0.6558837890625 0.431989247311828 0.314697265625 0.6951612903225807
1 0.75341796875 0.7271505376344086 0.04296875 0.0489247311827957
3 0.750732421875 0.6301075268817204 0.0078125 0.026881720430107527
0 0.7362060546875 0.05672043010752688 0.054931640625 0.0467741935483871
0 0.6866455078125 0.017204301075268817 0.042724609375 0.034408602150537634
0 0.173828125 0.27446236559139786 0.0185546875 0.03494623655913978
0 0.199951171875 0.2271505376344086 0.01611328125 0.032795698924731186
0 0.211181640625 0.20725806451612902 0.013671875 0.024193548387096774
0 0.120361328125 0.3655913978494624 0.01611328125 0.035483870967741936
0 0.077880859375 0.4650537634408602 0.01611328125 0.03118279569892473
