0 0.90234375 0.3903225806451613 0.11279296875 0.23870967741935484
0 0.79296875 0.35994623655913977 0.20263671875 0.4747311827956989
0 0.0997314453125 0.4975806451612903 0.079345703125 0.21021505376344085
1 0.8709716796875 0.5634408602150538 0.027099609375 0.021505376344086023
3 0.8778076171875 0.5236559139784946 0.011474609375 0.008602150537634409
0 0.7667236328125 0.10080645161290322 0.039306640625 0.04139784946236559
0 0.7926025390625 0.1389784946236559 0.046142578125 0.043548387096774194
0 0.72314453125 0.06639784946236559 0.04150390625 0.038172043010752686
0 0.70654296875 0.051075268817204304 0.02685546875 0.01935483870967742
0 0.6689453125 0.03387096774193549 0.04736328125 0.035483870967741936
0 0.6435546875 0.01747311827956989 0.0380859375 0.025268817204301075
0 0.5672607421875 0.025537634408602152 0.086669921875 0.051075268817204304
0 0.2056884765625 0.21586021505376343 0.020751953125 0.03387096774193549
0 0.221435546875 0.18844086021505377 0.01904296875 0.03387096774193549
0 0.1651611328125 0.275 0.022216796875 0.031720430107526884
0 0.152587890625 0.30591397849462365 0.02099609375 0.03655913978494624
0 0.1121826171875 0.36451612903225805 0.012939453125 0.035483870967741936
0 0.0726318359375 0.44650537634408605 0.011962890625 0.02956989247311828
