0 0.6859130859375 0.4403225806451613 0.285400390625 0.6537634408602151
0 0.1634521484375 0.27741935483870966 0.016357421875 0.026881720430107527
0 0.1737060546875 0.2553763440860215 0.014404296875 0.023655913978494623
0 0.1824951171875 0.24193548387096775 0.011962890625 0.02043010752688172
0 0.193115234375 0.2271505376344086 0.013671875 0.017741935483870968
0 0.7890625 0.1282258064516129 0.04931640625 0.06505376344086021
0 0.7601318359375 0.10672043010752688 0.024658203125 0.023118279569892472
0 0.727783203125 0.06881720430107527 0.03955078125 0.04516129032258064
0 0.7078857421875 0.04865591397849462 0.032958984375 0.027419354838709678
0 0.66748046875 0.033602150537634407 0.04541015625 0.038172043010752686
0 0.6829833984375 0.035483870967741936 0.020263671875 0.030107526881720432
0 0.6396484375 0.009408602150537635 0.01904296875 0.016666666666666666
0 0.6265869140625 0.00564516129032258 0.006591796875 0.01129032258064516
0 0.549072265625 0.0064516129032258064 0.05126953125 0.012903225806451613
