0 0.9078369140625 0.3919354838709677 0.102294921875 0.23118279569892472
0 0.803955078125 0.3674731182795699 0.2158203125 0.4768817204301075
0 0.3653564453125 0.47338709677419355 0.277099609375 0.6586021505376344
0 0.21630859375 0.4397849462365591 0.17919921875 0.47956989247311826
0 0.0997314453125 0.5018817204301075 0.079345703125 0.20161290322580644
1 0.29736328125 0.6911290322580645 0.06787109375 0.06290322580645161
0 0.7926025390625 0.13978494623655913 0.048095703125 0.046236559139784944
0 0.76708984375 0.10403225806451613 0.03955078125 0.04139784946236559
0 0.72412109375 0.06559139784946237 0.04345703125 0.04086021505376344
0 0.6685791015625 0.03225806451612903 0.047607421875 0.034408602150537634
0 0.6444091796875 0.016129032258064516 0.038818359375 0.021505376344086023
0 0.567626953125 0.025 0.0859375 0.05
0 0.350830078125 0.061021505376344085 0.0615234375 0.06397849462365592
0 0.151611328125 0.3053763440860215 0.02099609375 0.035483870967741936
0 0.1656494140625 0.27580645161290324 0.022705078125 0.03225806451612903
0 0.17822265625 0.2529569892473118 0.0234375 0.026344086021505377
0 0.2059326171875 0.21559139784946235 0.022216796875 0.034408602150537634
0 0.2205810546875 0.18763440860215053 0.018798828125 0.03763440860215054
0 0.2384033203125 0.16370967741935483 0.014892578125 0.03602150537634408
0 0.1051025390625 0.40053763440860213 0.022705078125 0.04408602150537634
0 0.11279296875 0.36236559139784946 0.0126953125 0.03118279569892473
0 0.06884765625 0.4575268817204301 0.013671875 0.035483870967741936
