0 0.2259521484375 0.4274193548387097 0.228759765625 0.4731182795698925
0 0.0936279296875 0.49731182795698925 0.077392578125 0.1881720430107527
1 0.1458740234375 0.6309139784946236 0.016357421875 0.01989247311827957
3 0.1265869140625 0.5763440860215053 0.006103515625 0.016129032258064516
0 0.7738037109375 0.1196236559139785 0.049072265625 0.0467741935483871
0 0.7269287109375 0.06801075268817204 0.035888671875 0.04032258064516129
0 0.704345703125 0.050268817204301076 0.02587890625 0.025268817204301075
0 0.68115234375 0.033602150537634407 0.0302734375 0.02956989247311828
0 0.6307373046875 0.015591397849462365 0.035400390625 0.024731182795698924
0 0.65087890625 0.013709677419354839 0.0205078125 0.017741935483870968
0 0.5540771484375 0.013440860215053764 0.065673828125 0.026881720430107527
0 0.2120361328125 0.2013440860215054 0.020263671875 0.03924731182795699
0 0.1641845703125 0.27365591397849465 0.016357421875 0.021505376344086023
0 0.173095703125 0.2577956989247312 0.01513671875 0.020967741935483872
0 0.183349609375 0.2413978494623656 0.0146484375 0.02043010752688172
0 0.1510009765625 0.296505376344086 0.014404296875 0.031720430107526884
0 0.1104736328125 0.36693548387096775 0.015869140625 0.02956989247311828
