0 0.6561279296875 0.43252688172043013 0.314697265625 0.6951612903225807
1 0.754150390625 0.7271505376344086 0.04248046875 0.0478494623655914
3 0.75048828125 0.6298387096774194 0.0078125 0.027419354838709678
0 0.7353515625 0.05913978494623656 0.0537109375 0.05053763440860215
0 0.6864013671875 0.016935483870967744 0.042724609375 0.03387096774193549
0 0.4912109375 0.013709677419354839 0.07275390625 0.027419354838709678
0 0.2003173828125 0.22634408602150538 0.016357421875 0.03225806451612903
0 0.211669921875 0.2056451612903226 0.013671875 0.02204301075268817
0 0.1207275390625 0.36532258064516127 0.016845703125 0.03602150537634408
0 0.0784912109375 0.4637096774193548 0.018310546875 0.038172043010752686
