0 0.8135986328125 0.36236559139784946 0.222412109375 0.4236559139784946
0 0.3765869140625 0.4196236559139785 0.244384765625 0.7209677419354839
1 0.8985595703125 0.535752688172043 0.013916015625 0.01881720430107527
1 0.334228515625 0.7362903225806452 0.078125 0.043548387096774194
3 0.9173583984375 0.46908602150537637 0.004150390625 0.012365591397849462
3 0.3212890625 0.6731182795698925 0.03564453125 0.02258064516129032
0 0.6759033203125 0.02795698924731183 0.085693359375 0.05591397849462366
0 0.7572021484375 0.08037634408602151 0.061767578125 0.0532258064516129
0 0.7322998046875 0.041935483870967745 0.035400390625 0.041935483870967745
0 0.4803466796875 0.016666666666666666 0.087646484375 0.03333333333333333
0 0.1988525390625 0.2295698924731183 0.014892578125 0.030107526881720432
0 0.218017578125 0.19704301075268818 0.0166015625 0.03494623655913978
0 0.1734619140625 0.2701612903225806 0.020263671875 0.02956989247311828
0 0.14306640625 0.33064516129032256 0.0146484375 0.02903225806451613
0 0.09716796875 0.4150537634408602 0.00830078125 0.01827956989247312
0 0.07763671875 0.47043010752688175 0.02001953125 0.047311827956989246
0 0.079833984375 0.4551075268817204 0.01806640625 0.02849462365591398
0 0.120849609375 0.36451612903225805 0.01171875 0.02903225806451613
