0 0.3284912109375 0.4706989247311828 0.319091796875 0.7231182795698925
1 0.2987060546875 0.7779569892473118 0.066162109375 0.047311827956989246
3 0.2161865234375 0.43548387096774194 0.014404296875 0.053763440860215055
0 0.7720947265625 0.11263440860215054 0.045166015625 0.0543010752688172
0 0.6861572265625 0.04381720430107527 0.058349609375 0.04139784946236559
0 0.6644287109375 0.030376344086021505 0.039306640625 0.02956989247311828
0 0.6412353515625 0.014516129032258065 0.033447265625 0.026881720430107527
0 0.55615234375 0.024731182795698924 0.0751953125 0.04946236559139785
0 0.1424560546875 0.3163978494623656 0.017333984375 0.027419354838709678
0 0.1497802734375 0.2948924731182796 0.011962890625 0.02204301075268817
0 0.16259765625 0.28091397849462363 0.0185546875 0.03602150537634408
0 0.1746826171875 0.25591397849462366 0.016357421875 0.025806451612903226
0 0.19091796875 0.23360215053763442 0.01806640625 0.03494623655913978
0 0.0667724609375 0.4653225806451613 0.014892578125 0.03602150537634408
0 0.10595703125 0.37446236559139784 0.017578125 0.037096774193548385
0 0.110107421875 0.3655913978494624 0.01513671875 0.026881720430107527
