0 0.226806640625 0.4266129032258065 0.2275390625 0.47258064516129034
0 0.0933837890625 0.493010752688172 0.076904296875 0.1774193548387097
0 0.1102294921875 0.36693548387096775 0.015380859375 0.02849462365591398
0 0.151123046875 0.29731182795698924 0.0146484375 0.03225806451612903
0 0.1724853515625 0.2610215053763441 0.015869140625 0.02849462365591398
0 0.1810302734375 0.24166666666666667 0.010009765625 0.02204301075268817
0 0.19287109375 0.22903225806451613 0.0126953125 0.021505376344086023
0 0.2115478515625 0.20188172043010752 0.020751953125 0.03924731182795699
0 0.242919921875 0.16021505376344086 0.0087890625 0.024731182795698924
0 0.773193359375 0.12016129032258065 0.04833984375 0.0456989247311828
0 0.727294921875 0.06720430107526881 0.0361328125 0.03870967741935484
0 0.704345703125 0.050268817204301076 0.02587890625 0.023118279569892472
0 0.6795654296875 0.032795698924731186 0.026611328125 0.026881720430107527
0 0.6307373046875 0.01532258064516129 0.034912109375 0.024193548387096774
0 0.6510009765625 0.014516129032258065 0.019775390625 0.01935483870967742
0 0.609130859375 0.005376344086021506 0.02685546875 0.010752688172043012
0 0.5552978515625 0.012634408602150538 0.064208984375 0.025268817204301075
