0 0.6800537109375 0.40403225806451615 0.250244140625 0.6779569892473118
1 0.7158203125 0.7129032258064516 0.06298828125 0.02795698924731183
3 0.7467041015625 0.5505376344086022 0.021728515625 0.03333333333333333
0 0.0738525390625 0.4368279569892473 0.034423828125 0.09086021505376345
0 0.0992431640625 0.34946236559139787 0.011962890625 0.025806451612903226
0 0.0908203125 0.35698924731182796 0.00634765625 0.015053763440860216
0 0.11181640625 0.31693548387096776 0.01318359375 0.02849462365591398
0 0.1046142578125 0.32526881720430106 0.007568359375 0.023655913978494623
0 0.150390625 0.2446236559139785 0.0166015625 0.02795698924731183
0 0.1678466796875 0.21854838709677418 0.021240234375 0.0478494623655914
0 0.1785888671875 0.1935483870967742 0.015869140625 0.030107526881720432
0 0.186279296875 0.1793010752688172 0.017578125 0.02956989247311828
0 0.19482421875 0.16236559139784945 0.013671875 0.017204301075268817
0 0.2109375 0.14489247311827957 0.02099609375 0.037096774193548385
0 0.2620849609375 0.07688172043010753 0.022216796875 0.03870967741935484
0 0.2822265625 0.05725806451612903 0.017578125 0.03494623655913978
0 0.27294921875 0.05456989247311828 0.0146484375 0.01881720430107527
0 0.7393798828125 0.04247311827956989 0.037353515625 0.04838709677419355
0 0.7091064453125 0.016935483870967744 0.040283203125 0.03387096774193549
0 0.7506103515625 0.04247311827956989 0.017822265625 0.030107526881720432
