0 0.3643798828125 0.47553763440860214 0.274169921875 0.6639784946236559
0 0.8031005859375 0.3655913978494624 0.217041015625 0.47956989247311826
0 0.906982421875 0.3913978494623656 0.10205078125 0.23118279569892472
1 0.2965087890625 0.692741935483871 0.066162109375 0.06182795698924731
0 0.733154296875 0.09086021505376345 0.07080078125 0.06129032258064516
0 0.792236328125 0.13951612903225807 0.048828125 0.0478494623655914
0 0.6690673828125 0.03333333333333333 0.048095703125 0.03655913978494624
0 0.6424560546875 0.015860215053763442 0.036376953125 0.023118279569892472
0 0.567138671875 0.025806451612903226 0.08642578125 0.05161290322580645
0 0.7733154296875 0.10456989247311828 0.026123046875 0.04139784946236559
0 0.7041015625 0.049193548387096775 0.01953125 0.017741935483870968
0 0.716064453125 0.0553763440860215 0.02734375 0.016129032258064516
0 0.165771484375 0.27876344086021504 0.02294921875 0.04247311827956989
0 0.176025390625 0.2521505376344086 0.02197265625 0.026881720430107527
0 0.2049560546875 0.2174731182795699 0.021728515625 0.03494623655913978
0 0.2188720703125 0.1967741935483871 0.024169921875 0.03118279569892473
0 0.2384033203125 0.16451612903225807 0.016357421875 0.03655913978494624
0 0.1123046875 0.3634408602150538 0.01318359375 0.03118279569892473
0 0.10546875 0.37338709677419357 0.0087890625 0.026344086021505377
0 0.0638427734375 0.47876344086021505 0.018798828125 0.0489247311827957
