0 0.3458251953125 0.4693548387096774 0.285400390625 0.7225806451612903
1 0.2994384765625 0.7793010752688172 0.065673828125 0.05
3 0.2598876953125 0.6486559139784946 0.018310546875 0.031720430107526884
0 0.7720947265625 0.11263440860215054 0.044677734375 0.056451612903225805
0 0.6865234375 0.04435483870967742 0.0576171875 0.04247311827956989
0 0.6641845703125 0.029838709677419355 0.038818359375 0.02956989247311828
0 0.6396484375 0.01478494623655914 0.03076171875 0.025268817204301075
0 0.5562744140625 0.0239247311827957 0.075439453125 0.0478494623655914
0 0.1630859375 0.28118279569892474 0.0166015625 0.03763440860215054
0 0.1422119140625 0.317741935483871 0.017333984375 0.03118279569892473
0 0.1497802734375 0.29435483870967744 0.011474609375 0.020967741935483872
0 0.1748046875 0.256989247311828 0.01708984375 0.026881720430107527
0 0.0667724609375 0.4653225806451613 0.014892578125 0.037096774193548385
0 0.103759765625 0.375 0.0126953125 0.037096774193548385
0 0.1097412109375 0.3658602150537634 0.016357421875 0.02849462365591398
