0 0.3653564453125 0.47795698924731184 0.274658203125 0.6612903225806451
0 0.802978515625 0.36532258064516127 0.21630859375 0.4790322580645161
1 0.295654296875 0.6919354838709677 0.06298828125 0.053763440860215055
1 0.89990234375 0.5639784946236559 0.013671875 0.024731182795698924
3 0.2841796875 0.6513440860215054 0.0556640625 0.03064516129032258
3 0.905029296875 0.5325268817204301 0.00732421875 0.012365591397849462
0 0.158203125 0.3411290322580645 0.04638671875 0.09623655913978495
0 0.2088623046875 0.2110215053763441 0.031005859375 0.0456989247311828
0 0.166259765625 0.2760752688172043 0.025390625 0.03924731182795699
0 0.177490234375 0.2529569892473118 0.0224609375 0.026344086021505377
0 0.222412109375 0.18037634408602152 0.01953125 0.025268817204301075
0 0.2386474609375 0.16478494623655915 0.015869140625 0.03602150537634408
0 0.0645751953125 0.4774193548387097 0.020751953125 0.05053763440860215
0 0.112060546875 0.36451612903225805 0.01220703125 0.030107526881720432
0 0.105224609375 0.3725806451612903 0.00830078125 0.024731182795698924
0 0.732421875 0.08844086021505376 0.0703125 0.05967741935483871
0 0.792724609375 0.13978494623655913 0.046875 0.05053763440860215
0 0.7724609375 0.10215053763440861 0.0244140625 0.03978494623655914
0 0.7313232421875 0.06451612903225806 0.036865234375 0.02043010752688172
0 0.7159423828125 0.0543010752688172 0.025634765625 0.013978494623655914
0 0.7059326171875 0.05134408602150538 0.023681640625 0.01989247311827957
0 0.66845703125 0.03413978494623656 0.04833984375 0.038172043010752686
0 0.643798828125 0.016935483870967744 0.03759765625 0.02204301075268817
0 0.62841796875 0.014516129032258065 0.0224609375 0.02043010752688172
0 0.56689453125 0.023655913978494623 0.08642578125 0.047311827956989246
0 0.58935546875 0.004301075268817204 0.01025390625 0.008602150537634409
0 0.6033935546875 0.004301075268817204 0.014404296875 0.007526881720430108
0 0.907958984375 0.3935483870967742 0.1025390625 0.23440860215053763
