0 0.656005859375 0.4327956989247312 0.31494140625 0.6978494623655914
3 0.7506103515625 0.6282258064516129 0.007568359375 0.026344086021505377
0 0.734619140625 0.05779569892473118 0.05322265625 0.0467741935483871
0 0.686767578125 0.01747311827956989 0.04345703125 0.03494623655913978
0 0.1549072265625 0.3032258064516129 0.010986328125 0.026881720430107527
0 0.2001953125 0.2271505376344086 0.017578125 0.03387096774193549
0 0.2115478515625 0.20618279569892473 0.012939453125 0.023118279569892472
0 0.1839599609375 0.24731182795698925 0.012939453125 0.02258064516129032
0 0.120849609375 0.3650537634408602 0.01708984375 0.03655913978494624
0 0.0782470703125 0.4631720430107527 0.017822265625 0.037096774193548385
