0 0.3773193359375 0.4161290322580645 0.242919921875 0.7182795698924731
0 0.8121337890625 0.3586021505376344 0.219970703125 0.4204301075268817
1 0.3345947265625 0.7381720430107527 0.074462890625 0.03978494623655914
3 0.32177734375 0.6728494623655914 0.03564453125 0.024193548387096774
0 0.6756591796875 0.02768817204301075 0.085693359375 0.0553763440860215
0 0.7325439453125 0.041935483870967745 0.036865234375 0.03978494623655914
0 0.7572021484375 0.0793010752688172 0.060302734375 0.05
0 0.47998046875 0.01881720430107527 0.08740234375 0.03763440860215054
0 0.2177734375 0.1967741935483871 0.017578125 0.035483870967741936
0 0.2000732421875 0.23010752688172043 0.017333984375 0.03225806451612903
0 0.1881103515625 0.2446236559139785 0.011962890625 0.034408602150537634
0 0.172607421875 0.26908602150537636 0.02001953125 0.03064516129032258
0 0.1431884765625 0.3293010752688172 0.014892578125 0.025268817204301075
0 0.10498046875 0.4053763440860215 0.01318359375 0.03333333333333333
0 0.12109375 0.36532258064516127 0.01171875 0.02849462365591398
