0 0.6796875 0.40483870967741936 0.25244140625 0.6795698924731183
0 0.07275390625 0.4352150537634409 0.03466796875 0.08548387096774193
1 0.71630859375 0.7163978494623656 0.0654296875 0.032795698924731186
3 0.746337890625 0.5489247311827957 0.021484375 0.034408602150537634
0 0.73974609375 0.04032258064516129 0.0361328125 0.043010752688172046
0 0.7091064453125 0.015860215053763442 0.039306640625 0.031720430107526884
0 0.167236328125 0.21881720430107526 0.02099609375 0.047311827956989246
0 0.1502685546875 0.246505376344086 0.016357421875 0.03064516129032258
0 0.1800537109375 0.19301075268817205 0.019287109375 0.034408602150537634
0 0.1865234375 0.175 0.01904296875 0.01989247311827957
0 0.2110595703125 0.14677419354838708 0.021728515625 0.03978494623655914
0 0.2620849609375 0.07768817204301075 0.021728515625 0.037096774193548385
0 0.2821044921875 0.05672043010752688 0.018798828125 0.03494623655913978
