0 0.8026123046875 0.36666666666666664 0.215576171875 0.47956989247311826
0 0.9072265625 0.3913978494623656 0.10205078125 0.23225806451612904
0 0.2691650390625 0.20591397849462365 0.088134765625 0.11612903225806452
0 0.2052001953125 0.2172043010752688 0.021240234375 0.035483870967741936
0 0.2218017578125 0.1881720430107527 0.019287109375 0.03118279569892473
0 0.17431640625 0.2594086021505376 0.01513671875 0.026344086021505377
0 0.0653076171875 0.4760752688172043 0.022705078125 0.0543010752688172
0 0.1063232421875 0.3763440860215054 0.007568359375 0.02795698924731183
0 0.1136474609375 0.36236559139784946 0.011474609375 0.026881720430107527
0 0.10205078125 0.3817204301075269 0.0078125 0.026881720430107527
