0 0.6640625 0.3577956989247312 0.23095703125 0.6263440860215054
0 0.08056640625 0.4838709677419355 0.03662109375 0.07849462365591398
1 0.7080078125 0.6268817204301075 0.06884765625 0.05161290322580645
3 0.7127685546875 0.5252688172043011 0.032470703125 0.021505376344086023
0 0.7314453125 0.05456989247311828 0.05712890625 0.0532258064516129
0 0.6912841796875 0.019086021505376343 0.047119140625 0.032795698924731186
0 0.1640625 0.2887096774193548 0.0166015625 0.03763440860215054
0 0.187255859375 0.25026881720430105 0.01904296875 0.03387096774193549
0 0.2109375 0.20349462365591398 0.015625 0.03064516129032258
0 0.198974609375 0.22661290322580646 0.01318359375 0.024193548387096774
0 0.173828125 0.2672043010752688 0.01025390625 0.01935483870967742
0 0.14501953125 0.3217741935483871 0.0126953125 0.027419354838709678
0 0.11962890625 0.36666666666666664 0.01611328125 0.03118279569892473
