0 0.65771484375 0.4338709677419355 0.3095703125 0.6935483870967742
1 0.754150390625 0.725268817204301 0.04248046875 0.05053763440860215
3 0.7506103515625 0.6293010752688172 0.007568359375 0.026344086021505377
0 0.73583984375 0.05806451612903226 0.05615234375 0.04946236559139785
0 0.68603515625 0.017204301075268817 0.0419921875 0.03333333333333333
0 0.4910888671875 0.011559139784946236 0.073974609375 0.023118279569892472
0 0.0780029296875 0.46263440860215055 0.018798828125 0.03602150537634408
0 0.1204833984375 0.3655913978494624 0.016357421875 0.03763440860215054
0 0.1995849609375 0.22795698924731184 0.017333984375 0.03333333333333333
0 0.183837890625 0.24838709677419354 0.0126953125 0.024731182795698924
0 0.2109375 0.2067204301075269 0.013671875 0.024193548387096774
0 0.1544189453125 0.30268817204301074 0.011474609375 0.02795698924731183
