0 0.6534423828125 0.4698924731182796 0.309326171875 0.7806451612903226
0 0.3043212890625 0.37473118279569895 0.229736328125 0.6602150537634408
0 0.1290283203125 0.43655913978494626 0.137451171875 0.3634408602150538
0 0.055908203125 0.482258064516129 0.0634765625 0.15698924731182795
1 0.2568359375 0.667741935483871 0.06005859375 0.02795698924731183
1 0.7294921875 0.7158602150537634 0.068359375 0.06827956989247312
3 0.239501953125 0.6083333333333333 0.0234375 0.01989247311827957
3 0.755859375 0.675 0.01171875 0.026344086021505377
0 0.407958984375 0.024193548387096774 0.05517578125 0.04838709677419355
0 0.087890625 0.3521505376344086 0.0126953125 0.026881720430107527
0 0.1148681640625 0.2994623655913978 0.014404296875 0.025806451612903226
0 0.1417236328125 0.24408602150537634 0.012451171875 0.024731182795698924
