0 0.3740234375 0.5086021505376344 0.35595703125 0.7774193548387097
1 0.2818603515625 0.7680107526881721 0.070556640625 0.0532258064516129
3 0.2548828125 0.7330645161290322 0.01318359375 0.026344086021505377
0 0.739013671875 0.09247311827956989 0.06201171875 0.05698924731182796
0 0.7039794921875 0.062096774193548386 0.052001953125 0.038172043010752686
0 0.6849365234375 0.04059139784946236 0.056884765625 0.031720430107526884
0 0.6639404296875 0.029301075268817204 0.037841796875 0.025268817204301075
0 0.666748046875 0.035483870967741936 0.02587890625 0.01935483870967742
0 0.64013671875 0.01532258064516129 0.03076171875 0.027419354838709678
0 0.6170654296875 0.008333333333333333 0.015869140625 0.016666666666666666
0 0.585693359375 0.007526881720430108 0.02197265625 0.015053763440860216
0 0.54833984375 0.0064516129032258064 0.05224609375 0.012903225806451613
0 0.491943359375 0.008602150537634409 0.0224609375 0.017204301075268817
0 0.3583984375 0.05913978494623656 0.0556640625 0.05806451612903226
0 0.2210693359375 0.18763440860215053 0.018798828125 0.035483870967741936
0 0.2293701171875 0.17043010752688173 0.011474609375 0.013978494623655914
0 0.1910400390625 0.23279569892473118 0.017333984375 0.03118279569892473
0 0.16357421875 0.28118279569892474 0.017578125 0.03870967741935484
0 0.17431640625 0.2564516129032258 0.015625 0.02795698924731183
0 0.1494140625 0.29435483870967744 0.0107421875 0.02204301075268817
0 0.1424560546875 0.3163978494623656 0.016357421875 0.02849462365591398
0 0.1090087890625 0.3672043010752688 0.013427734375 0.026881720430107527
0 0.1038818359375 0.37473118279569895 0.013916015625 0.03763440860215054
0 0.0662841796875 0.46586021505376346 0.014892578125 0.038172043010752686
