0 0.4075927734375 0.29274193548387095 0.203857421875 0.5209677419354839
0 0.803466796875 0.36908602150537634 0.21728515625 0.4790322580645161
0 0.906982421875 0.3919354838709677 0.1025390625 0.23225806451612904
1 0.3819580078125 0.5096774193548387 0.061279296875 0.026881720430107527
3 0.37353515625 0.4693548387096774 0.0146484375 0.024731182795698924
0 0.7711181640625 0.10994623655913978 0.046142578125 0.06290322580645161
0 0.686279296875 0.04543010752688172 0.0439453125 0.031720430107526884
0 0.657958984375 0.02795698924731183 0.0419921875 0.025806451612903226
0 0.64404296875 0.016935483870967744 0.03955078125 0.024193548387096774
0 0.6297607421875 0.00913978494623656 0.040283203125 0.01827956989247312
0 0.56103515625 0.01935483870967742 0.078125 0.03870967741935484
0 0.220458984375 0.19166666666666668 0.03369140625 0.05
0 0.2012939453125 0.21801075268817205 0.013916015625 0.031720430107526884
0 0.1737060546875 0.25967741935483873 0.014404296875 0.024731182795698924
0 0.1259765625 0.3631720430107527 0.02783203125 0.05967741935483871
0 0.1043701171875 0.38064516129032255 0.012451171875 0.02903225806451613
0 0.0657958984375 0.47795698924731184 0.022216796875 0.04946236559139785
