0 0.6348876953125 0.40376344086021504 0.343505859375 0.6795698924731183
1 0.716064453125 0.7123655913978495 0.0625 0.02903225806451613
3 0.74658203125 0.5502688172043011 0.02197265625 0.032795698924731186
0 0.0728759765625 0.43790322580645163 0.034912109375 0.09193548387096774
0 0.0635986328125 0.4282258064516129 0.010986328125 0.037096774193548385
0 0.0699462890625 0.4032258064516129 0.009521484375 0.021505376344086023
0 0.1116943359375 0.31693548387096776 0.012939453125 0.02849462365591398
0 0.1046142578125 0.3255376344086022 0.007568359375 0.024193548387096774
0 0.149658203125 0.24408602150537634 0.01513671875 0.026881720430107527
0 0.1708984375 0.22338709677419355 0.0283203125 0.057526881720430106
0 0.1650390625 0.2099462365591398 0.0146484375 0.02849462365591398
0 0.1798095703125 0.1881720430107527 0.018310546875 0.024731182795698924
0 0.1865234375 0.1774193548387097 0.01904296875 0.025806451612903226
0 0.195556640625 0.1620967741935484 0.01123046875 0.016666666666666666
0 0.2110595703125 0.1443548387096774 0.020751953125 0.03602150537634408
0 0.2620849609375 0.0771505376344086 0.022705078125 0.037096774193548385
0 0.28173828125 0.057526881720430106 0.017578125 0.03333333333333333
0 0.7396240234375 0.041666666666666664 0.036865234375 0.044623655913978495
0 0.7506103515625 0.043548387096774194 0.017822265625 0.03225806451612903
0 0.7095947265625 0.015591397849462365 0.041259765625 0.03118279569892473
