0 0.68115234375 0.40403225806451615 0.25244140625 0.6811827956989247
1 0.7156982421875 0.7126344086021505 0.062255859375 0.02849462365591398
3 0.7467041015625 0.5502688172043011 0.021728515625 0.032795698924731186
0 0.0723876953125 0.43709677419354837 0.033935546875 0.09462365591397849
0 0.0634765625 0.42795698924731185 0.01123046875 0.03655913978494624
0 0.070068359375 0.4043010752688172 0.009765625 0.01827956989247312
0 0.1427001953125 0.3040322580645161 0.040771484375 0.08655913978494624
0 0.112060546875 0.31666666666666665 0.013671875 0.02903225806451613
0 0.1044921875 0.32526881720430106 0.0078125 0.023655913978494623
0 0.150390625 0.2446236559139785 0.01708984375 0.026881720430107527
0 0.1678466796875 0.21935483870967742 0.020751953125 0.047311827956989246
0 0.179931640625 0.1922043010752688 0.0185546875 0.031720430107526884
0 0.1866455078125 0.17903225806451614 0.019775390625 0.023655913978494623
0 0.2108154296875 0.14623655913978495 0.021240234375 0.03978494623655914
0 0.1956787109375 0.16129032258064516 0.012451171875 0.01827956989247312
0 0.2620849609375 0.07688172043010753 0.022705078125 0.03763440860215054
0 0.281982421875 0.05725806451612903 0.01806640625 0.03494623655913978
0 0.739501953125 0.04112903225806452 0.03759765625 0.043548387096774194
0 0.7088623046875 0.015591397849462365 0.039794921875 0.03118279569892473
0 0.750244140625 0.04247311827956989 0.0166015625 0.02795698924731183
