0 0.6776123046875 0.4129032258064516 0.251220703125 0.7236559139784946
0 0.0804443359375 0.48494623655913977 0.036376953125 0.07741935483870968
1 0.72900390625 0.7290322580645161 0.07177734375 0.06129032258064516
3 0.736572265625 0.6276881720430108 0.033203125 0.03064516129032258
0 0.7315673828125 0.05456989247311828 0.057373046875 0.05
0 0.691162109375 0.01935483870967742 0.04638671875 0.03225806451612903
0 0.1636962890625 0.2887096774193548 0.015869140625 0.03763440860215054
0 0.1873779296875 0.2510752688172043 0.019775390625 0.035483870967741936
0 0.198486328125 0.22661290322580646 0.013671875 0.024193548387096774
0 0.209228515625 0.20403225806451614 0.0185546875 0.031720430107526884
0 0.14453125 0.3217741935483871 0.013671875 0.027419354838709678
0 0.1199951171875 0.3663978494623656 0.015869140625 0.03064516129032258
