0 0.8033447265625 0.36693548387096775 0.217041015625 0.4790322580645161
1 0.8994140625 0.5645161290322581 0.01318359375 0.023655913978494623
3 0.9053955078125 0.5311827956989247 0.007568359375 0.011827956989247311
0 0.0657958984375 0.47553763440860214 0.023193359375 0.0553763440860215
0 0.0654296875 0.46102150537634407 0.01708984375 0.02956989247311828
0 0.112548828125 0.3639784946236559 0.01318359375 0.030107526881720432
0 0.1055908203125 0.3728494623655914 0.008544921875 0.026344086021505377
0 0.1375732421875 0.35591397849462364 0.031494140625 0.05913978494623656
0 0.141357421875 0.31693548387096776 0.01513671875 0.020967741935483872
0 0.146240234375 0.3021505376344086 0.01220703125 0.017204301075268817
0 0.1629638671875 0.27419354838709675 0.013427734375 0.023655913978494623
0 0.17578125 0.2586021505376344 0.02197265625 0.03655913978494624
0 0.2047119140625 0.21666666666666667 0.020751953125 0.034408602150537634
0 0.22119140625 0.18629032258064515 0.01904296875 0.03602150537634408
0 0.2392578125 0.16532258064516128 0.017578125 0.03602150537634408
0 0.5672607421875 0.02661290322580645 0.085693359375 0.0532258064516129
0 0.6688232421875 0.033602150537634407 0.047607421875 0.03602150537634408
0 0.6422119140625 0.016935483870967744 0.037353515625 0.023118279569892472
0 0.628662109375 0.013978494623655914 0.0234375 0.02043010752688172
0 0.7320556640625 0.08951612903225807 0.069580078125 0.056451612903225805
0 0.72314453125 0.060215053763440864 0.02490234375 0.011827956989247311
0 0.7156982421875 0.054838709677419356 0.025634765625 0.015053763440860216
0 0.7066650390625 0.04973118279569892 0.025634765625 0.017741935483870968
0 0.7926025390625 0.13978494623655913 0.047119140625 0.046236559139784944
0 0.773681640625 0.1032258064516129 0.025390625 0.04086021505376344
0 0.906982421875 0.3913978494623656 0.1025390625 0.23225806451612904
