0 0.3424072265625 0.5338709677419354 0.293701171875 0.8075268817204301
1 0.281982421875 0.764247311827957 0.072265625 0.0467741935483871
3 0.25390625 0.7317204301075269 0.0126953125 0.025806451612903226
0 0.739013671875 0.09247311827956989 0.0625 0.05268817204301075
0 0.7032470703125 0.062096774193548386 0.050048828125 0.03924731182795699
0 0.68505859375 0.04086021505376344 0.056640625 0.03118279569892473
0 0.54931640625 0.010752688172043012 0.0517578125 0.021505376344086023
0 0.6396484375 0.015860215053763442 0.02978515625 0.02849462365591398
0 0.78125 0.11612903225806452 0.02685546875 0.05053763440860215
0 0.2208251953125 0.1879032258064516 0.019287109375 0.03602150537634408
0 0.16357421875 0.2806451612903226 0.01708984375 0.03655913978494624
0 0.1497802734375 0.29435483870967744 0.011962890625 0.020967741935483872
0 0.1427001953125 0.3172043010752688 0.016845703125 0.030107526881720432
0 0.1756591796875 0.25887096774193546 0.016845703125 0.032795698924731186
0 0.107421875 0.37311827956989246 0.01953125 0.04086021505376344
0 0.067138671875 0.46559139784946235 0.015625 0.03655913978494624
