0 0.34375 0.47016129032258064 0.28076171875 0.7198924731182795
1 0.298583984375 0.7782258064516129 0.0634765625 0.043548387096774194
3 0.25927734375 0.6489247311827957 0.01806640625 0.03333333333333333
0 0.0667724609375 0.46586021505376346 0.014892578125 0.037096774193548385
0 0.1075439453125 0.37311827956989246 0.020263671875 0.04408602150537634
0 0.1099853515625 0.36612903225806454 0.015869140625 0.02903225806451613
0 0.142333984375 0.3161290322580645 0.01708984375 0.026881720430107527
0 0.1500244140625 0.2948924731182796 0.011962890625 0.023118279569892472
0 0.1634521484375 0.2803763440860215 0.017333984375 0.03494623655913978
0 0.1749267578125 0.256989247311828 0.016357421875 0.02795698924731183
0 0.191162109375 0.2303763440860215 0.01708984375 0.027419354838709678
0 0.2296142578125 0.1728494623655914 0.012451171875 0.020967741935483872
0 0.5565185546875 0.024731182795698924 0.075439453125 0.04946236559139785
0 0.6859130859375 0.046236559139784944 0.058349609375 0.04408602150537634
0 0.6639404296875 0.030376344086021505 0.038330078125 0.02849462365591398
0 0.639892578125 0.01478494623655914 0.03076171875 0.027419354838709678
0 0.6217041015625 0.01129032258064516 0.019775390625 0.021505376344086023
0 0.772216796875 0.11236559139784946 0.044921875 0.05591397849462366
0 0.730224609375 0.06908602150537635 0.03076171875 0.03387096774193549
