0 0.9090576171875 0.39919354838709675 0.097412109375 0.21881720430107526
0 0.8035888671875 0.36774193548387096 0.216064453125 0.4774193548387097
0 0.3660888671875 0.46021505376344085 0.274658203125 0.6268817204301075
0 0.2154541015625 0.44166666666666665 0.179443359375 0.4790322580645161
0 0.0997314453125 0.49838709677419357 0.079345703125 0.20967741935483872
1 0.2813720703125 0.6830645161290323 0.036865234375 0.0478494623655914
1 0.146484375 0.6548387096774193 0.017578125 0.023655913978494623
0 0.7664794921875 0.10456989247311828 0.039306640625 0.0489247311827957
0 0.7921142578125 0.1389784946236559 0.049072265625 0.0478494623655914
0 0.8568115234375 0.2446236559139785 0.048583984375 0.0913978494623656
0 0.722900390625 0.06505376344086021 0.04150390625 0.03763440860215054
0 0.66845703125 0.032795698924731186 0.04736328125 0.034408602150537634
0 0.643310546875 0.015591397849462365 0.0361328125 0.02258064516129032
0 0.5677490234375 0.02795698924731183 0.085693359375 0.05591397849462366
0 0.3502197265625 0.062096774193548386 0.063232421875 0.06720430107526881
0 0.09814453125 0.4051075268817204 0.01806640625 0.0456989247311828
0 0.0694580078125 0.4591397849462366 0.015380859375 0.03333333333333333
0 0.1124267578125 0.3634408602150538 0.012451171875 0.03333333333333333
0 0.150634765625 0.30672043010752686 0.02001953125 0.037096774193548385
0 0.1654052734375 0.2760752688172043 0.023681640625 0.03494623655913978
0 0.2049560546875 0.21559139784946235 0.021240234375 0.035483870967741936
0 0.220947265625 0.18655913978494623 0.01904296875 0.03763440860215054
0 0.237060546875 0.16586021505376344 0.015625 0.03494623655913978
