0 0.681884765625 0.40483870967741936 0.25244140625 0.6763440860215054
1 0.7156982421875 0.7123655913978495 0.062744140625 0.02903225806451613
3 0.7464599609375 0.5502688172043011 0.021728515625 0.031720430107526884
0 0.1676025390625 0.21881720430107526 0.020751953125 0.047311827956989246
0 0.1505126953125 0.246505376344086 0.016845703125 0.03064516129032258
0 0.1790771484375 0.1924731182795699 0.016357421875 0.03225806451612903
0 0.2044677734375 0.16370967741935483 0.039306640625 0.05967741935483871
0 0.2618408203125 0.0771505376344086 0.022705078125 0.037096774193548385
0 0.2818603515625 0.05672043010752688 0.017333984375 0.03387096774193549
0 0.2728271484375 0.054838709677419356 0.013916015625 0.021505376344086023
0 0.1121826171875 0.31666666666666665 0.013427734375 0.02795698924731183
0 0.104736328125 0.32526881720430106 0.00732421875 0.02258064516129032
0 0.0726318359375 0.43790322580645163 0.034423828125 0.09193548387096774
0 0.0634765625 0.4252688172043011 0.0107421875 0.030107526881720432
0 0.06982421875 0.4056451612903226 0.009765625 0.01989247311827957
0 0.739013671875 0.06182795698924731 0.0439453125 0.06881720430107527
0 0.7091064453125 0.015053763440860216 0.039794921875 0.030107526881720432
0 0.750244140625 0.041666666666666664 0.0166015625 0.027419354838709678
