0 0.6761474609375 0.4137096774193548 0.253662109375 0.7263440860215054
0 0.0809326171875 0.48333333333333334 0.037353515625 0.07849462365591398
1 0.7305908203125 0.728225806451613 0.072998046875 0.06075268817204301
3 0.737060546875 0.6274193548387097 0.0341796875 0.030107526881720432
0 0.73193359375 0.054838709677419356 0.05712890625 0.05161290322580645
0 0.6907958984375 0.018548387096774192 0.047119140625 0.03387096774193549
0 0.210693359375 0.20295698924731181 0.01708984375 0.03064516129032258
0 0.1871337890625 0.25026881720430105 0.019775390625 0.03494623655913978
0 0.163818359375 0.28736559139784945 0.01611328125 0.037096774193548385
0 0.1451416015625 0.32150537634408605 0.012939453125 0.02795698924731183
0 0.1192626953125 0.36666666666666664 0.015380859375 0.03118279569892473
0 0.0841064453125 0.44086021505376344 0.009033203125 0.02043010752688172
0 0.19873046875 0.22661290322580646 0.01318359375 0.024193548387096774
