0 0.6536865234375 0.4698924731182796 0.308837890625 0.7752688172043011
0 0.304443359375 0.3760752688172043 0.23046875 0.6596774193548387
0 0.1295166015625 0.43548387096774194 0.136474609375 0.36129032258064514
0 0.0560302734375 0.4846774193548387 0.063720703125 0.1553763440860215
1 0.2564697265625 0.6663978494623656 0.060791015625 0.03387096774193549
1 0.7283935546875 0.714516129032258 0.065673828125 0.06989247311827956
3 0.755859375 0.6736559139784947 0.01220703125 0.02795698924731183
3 0.23974609375 0.6075268817204301 0.0224609375 0.01827956989247312
0 0.1151123046875 0.2978494623655914 0.013916015625 0.026881720430107527
0 0.1414794921875 0.24381720430107526 0.012939453125 0.02204301075268817
