0 0.9005126953125 0.3895161290322581 0.115966796875 0.23817204301075268
0 0.782958984375 0.32688172043010755 0.203125 0.43655913978494626
0 0.10009765625 0.4978494623655914 0.07958984375 0.2086021505376344
1 0.8687744140625 0.5053763440860215 0.018798828125 0.01935483870967742
3 0.8741455078125 0.47123655913978496 0.007568359375 0.008064516129032258
0 0.7666015625 0.10456989247311828 0.03857421875 0.037096774193548385
0 0.7921142578125 0.1403225806451613 0.048583984375 0.047311827956989246
0 0.7230224609375 0.0674731182795699 0.040771484375 0.04032258064516129
0 0.70703125 0.051075268817204304 0.0263671875 0.021505376344086023
0 0.668701171875 0.03413978494623656 0.046875 0.03602150537634408
0 0.643310546875 0.016397849462365593 0.037109375 0.023118279569892472
0 0.567138671875 0.02768817204301075 0.08544921875 0.0553763440860215
0 0.205078125 0.21559139784946235 0.021484375 0.034408602150537634
0 0.2216796875 0.19005376344086022 0.0205078125 0.037096774193548385
0 0.15234375 0.3021505376344086 0.0205078125 0.02903225806451613
0 0.16552734375 0.27553763440860213 0.0224609375 0.03494623655913978
0 0.1766357421875 0.2529569892473118 0.022216796875 0.024193548387096774
0 0.112548828125 0.3639784946236559 0.01318359375 0.03333333333333333
0 0.0726318359375 0.4456989247311828 0.012939453125 0.02903225806451613
