0 0.3763427734375 0.4182795698924731 0.244873046875 0.7172043010752688
0 0.81396484375 0.3596774193548387 0.22314453125 0.4204301075268817
1 0.8985595703125 0.5346774193548387 0.014892578125 0.020967741935483872
1 0.3343505859375 0.7370967741935484 0.078857421875 0.047311827956989246
3 0.9173583984375 0.46881720430107526 0.004150390625 0.012903225806451613
3 0.321533203125 0.6733870967741935 0.03564453125 0.020967741935483872
0 0.67529296875 0.025 0.08447265625 0.05
0 0.732666015625 0.04247311827956989 0.03466796875 0.046236559139784944
0 0.75732421875 0.07903225806451612 0.06005859375 0.05161290322580645
0 0.077880859375 0.47043010752688175 0.01904296875 0.046236559139784944
0 0.0802001953125 0.4559139784946237 0.019287109375 0.03655913978494624
0 0.1424560546875 0.3295698924731183 0.014404296875 0.02795698924731183
