0 0.803466796875 0.3685483870967742 0.2158203125 0.48655913978494625
0 0.90673828125 0.3903225806451613 0.1015625 0.23333333333333334
0 0.73291015625 0.09086021505376345 0.0693359375 0.05698924731182796
0 0.6688232421875 0.03306451612903226 0.047119140625 0.03602150537634408
0 0.6429443359375 0.01747311827956989 0.038330078125 0.02204301075268817
0 0.567138671875 0.027419354838709678 0.08740234375 0.054838709677419356
0 0.7928466796875 0.1389784946236559 0.047119140625 0.0456989247311828
0 0.7064208984375 0.04973118279569892 0.024169921875 0.016666666666666666
0 0.715087890625 0.0553763440860215 0.025390625 0.016129032258064516
0 0.723388671875 0.060215053763440864 0.025390625 0.011827956989247311
0 0.1842041015625 0.2946236559139785 0.058349609375 0.0913978494623656
0 0.20458984375 0.2161290322580645 0.0224609375 0.03333333333333333
0 0.220947265625 0.18763440860215053 0.01904296875 0.03870967741935484
0 0.2392578125 0.1650537634408602 0.017578125 0.035483870967741936
0 0.141357421875 0.3204301075268817 0.01513671875 0.02795698924731183
0 0.1005859375 0.403494623655914 0.015625 0.04032258064516129
0 0.0657958984375 0.4774193548387097 0.021728515625 0.054838709677419356
0 0.112060546875 0.36478494623655916 0.01220703125 0.031720430107526884
