0 0.3426513671875 0.514247311827957 0.294677734375 0.7629032258064516
1 0.281982421875 0.7690860215053763 0.072265625 0.0553763440860215
0 0.7724609375 0.11290322580645161 0.04541015625 0.05591397849462366
0 0.7366943359375 0.07634408602150537 0.038330078125 0.03333333333333333
0 0.685546875 0.043548387096774194 0.05810546875 0.03870967741935484
0 0.663818359375 0.030376344086021505 0.0390625 0.02956989247311828
0 0.6414794921875 0.015053763440860216 0.033447265625 0.026881720430107527
0 0.5556640625 0.02338709677419355 0.07666015625 0.0467741935483871
0 0.62060546875 0.011827956989247311 0.01806640625 0.02043010752688172
0 0.238037109375 0.1663978494623656 0.02294921875 0.037096774193548385
0 0.2197265625 0.18870967741935485 0.015625 0.03225806451612903
0 0.2376708984375 0.16532258064516128 0.020751953125 0.032795698924731186
0 0.2200927734375 0.1870967741935484 0.017333984375 0.035483870967741936
0 0.1903076171875 0.2314516129032258 0.018310546875 0.02956989247311828
0 0.1640625 0.2806451612903226 0.01806640625 0.035483870967741936
0 0.14208984375 0.31747311827956987 0.017578125 0.03064516129032258
0 0.1494140625 0.29516129032258065 0.01123046875 0.023655913978494623
0 0.110595703125 0.36612903225806454 0.01513671875 0.030107526881720432
0 0.104248046875 0.375 0.0146484375 0.038172043010752686
0 0.066162109375 0.4653225806451613 0.0146484375 0.03602150537634408
