0 0.3477783203125 0.46908602150537637 0.290283203125 0.7220430107526882
1 0.2987060546875 0.7779569892473118 0.063232421875 0.04408602150537634
3 0.25927734375 0.6486559139784946 0.017578125 0.02956989247311828
0 0.7730712890625 0.11155913978494623 0.044677734375 0.0543010752688172
0 0.6875 0.04489247311827957 0.05908203125 0.04139784946236559
0 0.664306640625 0.03118279569892473 0.0361328125 0.03118279569892473
0 0.63916015625 0.015053763440860216 0.029296875 0.025806451612903226
0 0.620849609375 0.011021505376344085 0.01806640625 0.020967741935483872
0 0.5567626953125 0.02446236559139785 0.076416015625 0.0489247311827957
0 0.142578125 0.318010752688172 0.0166015625 0.02956989247311828
0 0.1634521484375 0.2814516129032258 0.017822265625 0.03924731182795699
0 0.1905517578125 0.23118279569892472 0.017822265625 0.030107526881720432
0 0.0662841796875 0.4653225806451613 0.014892578125 0.03602150537634408
0 0.110107421875 0.3658602150537634 0.015625 0.02849462365591398
0 0.1036376953125 0.3758064516129032 0.012451171875 0.03870967741935484
0 0.14990234375 0.29516129032258065 0.0126953125 0.02258064516129032
0 0.1737060546875 0.2561827956989247 0.015380859375 0.027419354838709678
