0 0.49999999999999994 0.4929095452231416 0.6937193872855332 0.7244149353955119
0 0.9915010752900036 0.060206200863641514 0.016997849419992717 0.12006896464208376
0 0.8013280735250509 0.06037418684244709 0.16087493976109657 0.12074837368489418
1 0.4089365406070621 0.8121432455669289 0.1105039731959251 0.04092739747997171
3 0.3352672251431114 0.6750364640090205 0.06957657571595359 0.020463698739985953
0 0.6369408414191932 0.0851574872798231 0.17010341662068051 0.11340227774712035
0 0.48213069463067976 0.12910952489246777 0.15978580935305994 0.1204100206196266
0 0.3474540838902442 0.16534666379932247 0.15978580935305994 0.1346766107404357
0 0.23954159621644647 0.20900242956899853 0.11698603899063276 0.11926869340996252
0 0.16826586032623164 0.23468243506015904 0.1322037372688711 0.13125263124535383
0 0.09645735555069379 0.27748220611842844 0.08559954211653564 0.11032829872797935
0 0.03045045140587077 0.32256448693063666 0.06090090281174154 0.10557276689398551
0 0.0065778363283317985 0.3307441434353843 0.013155672656663597 0.13030152522183808
1 0.9973558572249904 0.08619070063867362 0.005288285550019145 0.01320980541486766
3 0.9975485002206245 0.06354138843776666 0.004902999558751064 0.009081741222720822
3 0.7898518304997889 0.06899043317139884 0.01733786960701291 0.00963214978167331
1 0.7930717205696625 0.09662094283083011 0.02889644934502152 0.01376021397382015