0 0.5 0.5000000000000001 0.7142857142857144 0.5769996020692394
1 0.3405336594053358 0.5582387802844223 0.08875529400053797 0.031184292486674745
3 0.3269457088804999 0.5132509165520244 0.032134019317337455 0.03149133893098996
0 0.232889092302754 0.24960508992379557 0.2974565580607357 0.23858494761121435
0 0.418412127864073 0.21319764661948698 0.23316256243823213 0.14562977321723417
0 0.6430537993161892 0.1705931916889134 0.2409088269710652 0.14717902612380218
0 0.87311785594129 0.10126412412007033 0.13246112351142125 0.09992681247352807
1 0.14677541548363257 0.33131183168188527 0.030632412369201285 0.020172564243132615
3 0.1366891333620651 0.28536321312808216 0.019425432234127873 0.020172564243132615
3 0.6003512452342662 0.20886385928127954 0.017034609336183733 0.009413863054207357
1 0.8551979664874259 0.12458737098647753 0.028241589162619717 0.011206979826435984