0 0.4999999999999998 0.5299382543244879 0.7016137782723195 0.7570546490349828
0 0.8517627662182736 0.43052703778453894 0.29647446756345275 0.4091153911451668
1 0.7112488351473872 0.8138337477126047 0.16441085812375864 0.07838192073341971
3 0.7236752372148813 0.7316283186507253 0.08220542906187932 0.05161736243420394
0 0.0015294717444099951 0.15670492103644615 0.0030589434888199903 0.11195600387175113
0 0.15902313592113948 0.13315861863484812 0.14483197326266345 0.10662476559214401
0 0.30663192379226245 0.11879400499558845 0.15438377727194233 0.07626632642211094
0 0.43247123267932647 0.13671277748791982 0.1434991636927613 0.08263419333391268
0 0.5500849815969067 0.14831887899147095 0.14839846490284844 0.09533290156960546
0 0.6589009023875952 0.16081452950485878 0.15253265284422188 0.10107139375357395
0 0.7475697624754393 0.1726247033537204 0.1366129827658205 0.09810959466922008
0 0.9051923269257589 0.1999960990979728 0.06139562269369409 0.033320237441804366
0 0.9443060876154973 0.21692633046680532 0.044992605416972274 0.037493837847476404
0 0.7768478952635698 0.15644341375627704 0.03547988312881182 0.03085207228592287