0 0.49999999999999994 0.49999999999999994 0.7142857142857142 0.41713169642857306
0 0.15468894663246027 0.5409920290492493 0.30937789326492054 0.3892382408023868
0 0.8820161576430734 0.19551466707476067 0.21943108025751207 0.17815196614966344
0 0.7196154324029854 0.2229435521069503 0.2161722028279454 0.15696926285747884
0 0.5843720190759527 0.221042540273035 0.21074074044533503 0.17272050376705309
0 0.4564610799654468 0.25933435007044775 0.23518232116708634 0.18521286724705832
0 0.16147835796580745 0.3840950409990381 0.26668480298623487 0.10699980893745084
1 0.004651424254319441 0.6430139849046796 0.009302848508638882 0.025419245462709465
1 0.1992064183727515 0.5980414737014244 0.05474914407352881 0.033240551758926845
3 0.18616568584826557 0.5669363728163102 0.019383112962745575 0.02069278275752549
1 0.9733290666876737 0.22623956206434814 0.031230910248184144 0.023988960045706866
1 0.8042747916485941 0.2531705643798094 0.03258877591114774 0.01719963173088412
1 0.6442729543626133 0.27625428065020724 0.03575712912473185 0.01719963173088412
1 0.5046782969178357 0.28948371984167226 0.026411675457531415 0.013533255193115348
3 0.6415124927962335 0.25805939429760527 0.011315547502997791 0.010938362586231275
3 0.49980290536753225 0.2773287601548584 0.00545695759420914 0.007094044872472833