0 0.5000000000000001 0.47574960838164904 0.7142857142857144 0.7404231383070724
1 0.36221899927483725 0.7502168062023739 0.1704133430021752 0.06747698551074327
3 0.26704133430021754 0.6389709652252044 0.0525743292240759 0.03465034391092154
0 0.9502808912243441 0.09029427496473275 0.09943821755131177 0.136703391303729
0 0.6725936775114659 0.07331606422994913 0.13734351101880207 0.09027102104655514
0 0.5394630216792149 0.10031248310728239 0.15065656055774362 0.11544519123614486
0 0.4193927762682617 0.15167796467050162 0.12487305522739144 0.1083252234947096
0 0.33895999841001734 0.1781732365231627 0.10988885360764268 0.10418603900440804
0 0.2569822114535173 0.21896471959099068 0.1018139538217781 0.1059519040722801
0 0.19027651757028452 0.24545269560906038 0.0912814758402147 0.08617421531212088
0 0.14481132094987031 0.26452403834207033 0.06565244608507781 0.05297595203613934
0 0.1745759921879738 0.4401039576171857 0.3270780221019048 0.4239367126964327
0 0.04173199551889269 0.4632622914749336 0.08346399103778537 0.2986539229742037
0 0.046523274337884064 0.40368661110912873 0.09304654867576813 0.24782371357580896
0 0.7446358259293032 0.03602099450179487 0.09774139434466866 0.06145210352934586
0 0.8216493038870862 0.032715295139527326 0.1015330863666597 0.04619502954964658
0 0.8646178318591032 0.011770899651648485 0.08630779983559879 0.02354179930329697
0 0.9787196689298946 0.013388075850868653 0.042560662140210814 0.024427798450767403