0 0.5 0.49999999999999994 0.7142857142857146 0.5566109422492408
1 0.6619795530740474 0.5879392563897432 0.17043730817675773 0.061823148032941005
3 0.6878694836294013 0.541747835425536 0.04793930126672342 0.0285505171988493
0 0.7521476831664435 0.2264541515378693 0.22156555016219165 0.14454514462962
0 0.5611792804076005 0.2032425224732589 0.2595482159042806 0.1930785508556238
0 0.3390861932212142 0.16103956053760396 0.23317136469449573 0.14032484843605406
0 0.12965399461552465 0.1483786719569061 0.20257421729114716 0.1930785508556238
3 0.14776044932461457 0.17132161696540674 0.017706684408310212 0.01831725973273548
3 0.38557953818796314 0.20154509552442038 0.018317259732735475 0.012822081812914835
3 0.6281274853509238 0.21592467090861836 0.006360159079709784 0.006360159079709784
1 0.6221065347554662 0.2590889505295869 0.05172929384830998 0.020352509055073555
1 0.38317655866102 0.2173239059061551 0.056393410506763074 0.014840371185990993
1 0.1450528221119413 0.200364012695209 0.06411040604215791 0.02442301182558461