0 0.5 0.49999999999999994 0.7142857142857144 0.42857142857142827
0 0.15057790598293977 0.5388206423831445 0.30115581196587954 0.3866942035107367
0 0.018853126132060322 0.5439087240082854 0.037706252264120645 0.3131996911475849
0 0.8808648285260611 0.18673294984546018 0.23827034294787786 0.1821222586520897
0 0.7219168093731135 0.21617786591496052 0.20775024115702637 0.16358286705277558
0 0.6060456118773965 0.21426939913267815 0.2519176152612748 0.176124220193489
0 0.4582757553063896 0.2554377540076262 0.23664988100301576 0.18212225865208964
1 0.20206781375241376 0.5937376385604675 0.0661222834901268 0.036481259856620686
3 0.18572613022542445 0.5628770436885274 0.017341869218822765 0.0222428322589248
1 0.0021751207894934567 0.6390298084010481 0.0043502415789869135 0.02551892877824949
3 0.9737253693896865 0.20412726137540574 0.011996076917203904 0.01145080069369431
3 0.8035991876548005 0.2139422333985712 0.011996076917203904 0.010360248246675122
3 0.6517397594074718 0.2469314449208825 0.012541353140713498 0.010905524470184716
1 0.6550114167485281 0.2752858085433623 0.02126577271685984 0.02508270628142461
1 0.805235016325327 0.2346627298919227 0.03380712585757334 0.014722458034749487
1 0.9759064742837225 0.22184873863945673 0.03271657341055415 0.023992153834407805
1 0.5023340741659373 0.2837375900077563 0.023446877610898215 0.01145080069369431
1 0.3649244658416056 0.334720916905871 0.015813010481768676 0.014177181811239893
3 0.5018774364556599 0.2706672110062324 0.00920364072336322 0.0074505662998658045