0 0.5 0.49999999999999994 0.7142857142857143 0.6458249516649507
0 0.07969482306550273 0.5266182918125162 0.15938964613100545 0.46867234717046796
1 0.2696881345061536 0.6508171298784153 0.1327000346260355 0.058427627186090896
3 0.24064660969428317 0.608058125532918 0.031233378364979737 0.030660288853694786
0 0.6014605463636085 0.11966065640734157 0.18426995171863486 0.1394254944419758
0 0.7517686309533512 0.09642296687715848 0.17722619909002052 0.13249498590116635
0 0.9230495422144734 0.0692445082307663 0.15390091557105312 0.1384890164615326
1 0.9035709714796756 0.10074522322976658 0.045447120283184234 0.014974913196758085
1 0.7107957566165354 0.13020811145572686 0.027080216888766356 0.01278788019747272
1 0.5470812106694908 0.15455065557643055 0.024447416998332444 0.011910280076111352
3 0.5459146853500957 0.14342841622031308 0.01112477441204701 0.008343580809034894
3 0.7092913001227152 0.1137844613981873 0.009528224460861453 0.009528224460861455
3 0.9002820520132055 0.07421725561071385 0.014793822189232487 0.011283423703651799