0 0.5 0.49999999999999994 0.7142857142857143 0.430992736077481
0 0.15009787195705215 0.5375734324660892 0.3001957439141043 0.3844328239366894
0 0.01899433334191789 0.5454195543670565 0.03798866668383578 0.31357338393141126
0 0.8579507766773453 0.2032439159693861 0.21930424670137108 0.16104132742846958
0 0.7165486355206403 0.21797330567320972 0.21668568853180123 0.15514957154693917
0 0.5967495992628765 0.21535474750363992 0.24025271205791812 0.1760980369034885
0 0.4556747778773681 0.25496043981836536 0.23828879343074133 0.17937123461544882
0 0.25699167676135104 0.31125944046409026 0.20359289768395902 0.14532997841105727
0 0.14701223363947138 0.3446460571260911 0.17217019964913488 0.13485574573278272
1 0.19972819414070583 0.5934111537249085 0.06440319537854318 0.03567431900870349
1 0.0003060243951930225 0.6392199436693297 0.000612048790386045 0.023488224735930006
3 0.18505933233291508 0.5619734673361243 0.02136670707457452 0.02045748549693366
3 0.9731271347536409 0.20260363877334062 0.010456048142877044 0.009092215776413368
1 0.9747182725145136 0.22033345953735048 0.03000431206216746 0.02454898259631991
1 0.7871913221259645 0.2498831608106963 0.03500503073919696 0.014547545242263298
1 0.642852396675385 0.2701133409132186 0.03545964152801739 0.016820599186367836
1 0.5026049683241905 0.28306974839460924 0.025003593385140344 0.01363832366462244
1 0.36349406694504954 0.33694112686986466 0.01591137760872459 0.016820599186367836
3 0.7844636573930408 0.23078950768022632 0.012274491298158765 0.014547545242263298
3 0.6421704804921544 0.2532927417268508 0.013183712875802011 0.012274491298158765
3 0.4985134712248031 0.2694314247299867 0.00863760498759294 0.00818299419877251