0 0.5 0.5000000000000001 0.7142857142857144 0.5620343375445417
0 0.9992835705123085 0.5442683254358107 0.0014328589753829224 0.36914764413351603
0 0.07844002174887571 0.26632240595914647 0.15688004349775142 0.14126909332845447
0 0.032860748241015696 0.2132798595961998 0.06572149648203139 0.0863607287517349
0 0.16293493228683775 0.22820640530637598 0.08422836507885216 0.08529454691529359
0 0.2536681359574449 0.23641698036685066 0.17528030819050489 0.10235346463679063
0 0.3630584012880153 0.1957954490891255 0.09851520971291189 0.04669876824053586
0 0.4444933765896617 0.2179293858168311 0.14457426879946692 0.04094138585471671
0 0.5452475683415043 0.2179293858168311 0.07484597101565266 0.028147202775116863
0 0.7695935686422694 0.3138217879984236 0.19383187365592383 0.10363288294475029
0 0.8878118202977633 0.3363395502185188 0.18359652719224323 0.1266624124880288
1 0.6772918469377189 0.5626982436560626 0.08841653930728835 0.058582737700534786
1 0.951153290609529 0.3835571613020233 0.029319998511619344 0.015992726460883802
3 0.6962769934147419 0.5111671317898504 0.035800561928104414 0.03146109987621379
3 0.9523527450940954 0.36943025292824194 0.008884848033823696 0.010217575238897825