0 0.5 0.4687688851277095 0.7142857142857143 0.7568392420359781
1 0.6752732755371283 0.6744932676262668 0.16019600452318133 0.0698330472701529
3 0.7157934413871093 0.6056039101840898 0.07538635506973211 0.0339728338071007
0 0.14729101863855118 0.05523572371726 0.12992038428953495 0.10168630516984892
0 0.30249048954260704 0.06091942919002435 0.14137775342452719 0.08210694807745171
0 0.4309918304805148 0.0864462688166675 0.14610786413389837 0.09210715329201365
0 0.5631721464145986 0.12144698706763354 0.1802697748126881 0.1326343007404997
0 0.6655266443183583 0.15964965662800829 0.09153640317880664 0.10044065927045166
0 0.7316168033598983 0.18394840127247572 0.1261362876339537 0.12193232872133414
0 0.8028312490865674 0.212501619257219 0.11912871609873375 0.12280953971932956
0 0.8470712116202304 0.43386131965344554 0.3058575767595393 0.44528745385470264