0 0.5000000000000001 0.5 0.7142857142857144 0.6182009872046773
0 0.12153160492643793 0.5119806392869123 0.24306320985287586 0.42171850289931445
0 0.6403957078292977 0.11014136344650927 0.1522190601162679 0.11654271790151793
0 0.7712089626167157 0.08397871248902541 0.16173275137353463 0.12129956353015062
0 0.9398000993274808 0.06602674488731598 0.12039980134503847 0.12820778737648864
1 0.25909758590959536 0.6694699787376515 0.11523045374972725 0.04173810659286194
1 0.5975840971715966 0.14819612847557626 0.038054765029066975 0.016648959700216456
1 0.7343434089948065 0.12322268892525227 0.03567634221474994 0.014270536885900803
1 0.9176035235631599 0.09909585569177431 0.04287787389131413 0.013585416153348528
3 0.24252714159780983 0.6394490482481006 0.12479832536071485 0.037439497608215175
3 0.7319621118284543 0.1034265520267922 0.011590741439174192 0.009317899542101202
3 0.9164670284891886 0.08244163604493304 0.012727089562720883 0.00916653439194482