0 0.5 0.5 0.7142857142857142 0.635186960690317
1 0.754593764725729 0.6503288944528774 0.10173458668659724 0.05806768646495229
3 0.7825041426675691 0.5930916640165625 0.022537684851749226 0.024572739496353857
0 0.07824003422524466 0.07587420599109314 0.1528316238532452 0.12366940587418111
0 0.24052237686800224 0.09288549981221408 0.18145380075862283 0.12204928265312184
0 0.3857934256896382 0.10962677309649178 0.1695728971375229 0.11988911835837615
0 0.520533673574389 0.13581876517028055 0.16579260962171932 0.12258932372680825
0 0.6396127303222348 0.16282081885460029 0.16093223995854014 0.12150924157943542
0 0.7211589324488776 0.18145223589677917 0.12744969338998471 0.11880903621100332
0 0.8070254631650133 0.20899433065478465 0.11016837903202194 0.10800821473727623
0 0.8726404536179075 0.23518632272857476 0.0955872700424899 0.09882751648460705
0 0.9301548279655066 0.26110829426552024 0.08424640749507366 0.0977474343372342
0 0.9733581138604177 0.2775795470129548 0.05328377227916459 0.09720739326354778
1 0.09585441016753256 0.1054628268987592 0.045315943881032154 0.013125997537954253
1 0.28024342320069917 0.12780827508837142 0.03156489884127153 0.01031328377982081
1 0.4332237992680455 0.1449970813880732 0.021251615061449354 0.014688616292472227
1 0.5716718209183743 0.17406179022211585 0.02750209007952398 0.012813473787050387
1 0.6923059887671908 0.20734556969335657 0.023126757566872564 0.01187590253434015
1 0.76278009459597 0.21781511534863 0.0159387112960877 0.009688236278014439
1 0.8474740310908649 0.24719234793357447 0.0159387112960877 0.009688236278014439
1 0.9046658775062358 0.27235050988132015 0.013438521288856756 0.011250855032532413
3 0.9064773281479082 0.26273794783532733 0.0056066185201056225 0.005064042534288949
3 0.8495068496371493 0.23705601784000144 0.004883183872350058 0.006872629153679226
3 0.7635989852161651 0.20902292523946925 0.0056066185201056225 0.006510911829801443
3 0.6964625546542088 0.19309448665214846 0.007500570021687364 0.009063188776206705
3 0.435036437023288 0.1312147839732208 0.009063188776205338 0.007813093772591232
3 0.28221232283139286 0.11246335891900172 0.00968823627801444 0.010938331281628544
3 0.09610442916825497 0.08793024447306315 0.010625807530724677 0.010000760028916941