0 0.49999999999999994 0.47059171444910214 0.5431254470112501 0.7562975507869971
0 0.9458077474614524 0.12222195870002453 0.1083845050770953 0.24444391740004906
0 0.13296275405473318 0.23247196575411835 0.0949446317364302 0.10914195984655062
0 0.1941887315296284 0.20682804185521372 0.11091662586031605 0.11535329089472746
0 0.280703699700674 0.17044738857303138 0.11712795690849276 0.10647996082590323
0 0.40714865318143345 0.12918640375299303 0.13576195005302608 0.10204329579149042
0 0.5429106032344595 0.09324941697425099 0.1393112820805569 0.07808530460566238
1 0.4351215336334688 0.8023987281522212 0.18722071722913342 0.044488091222765126
1 0.37298633241645607 0.1407217328424668 0.024845324192709947 0.009760663075707617
1 0.24964704445978428 0.20638437535177345 0.01774666013765 0.011535329089473028
1 0.16180107677841502 0.24764536017181102 0.02307065817894606 0.014197328110120385
1 0.10501176433793326 0.2742653503782865 0.019521326151415233 0.01064799608258956
3 0.4054628061516256 0.7504959550589961 0.061171125431301515 0.03707340935230317
3 0.513628614007336 0.11498907564287333 0.009760663075707617 0.009760663075707639
3 0.3689933338854849 0.12874273724955207 0.007985997061942205 0.007098664055060215
3 0.2469850454391376 0.19618004577262413 0.010647996082589603 0.00532399804129478
3 0.1573644117440022 0.23034236653760148 0.005323998041294802 0.0026619990206474013
3 0.10234976531728585 0.2613990217784897 0.008873330068825628 0.006211331048178273
0 0.6070186195309798 0.05348491698590024 0.06820554672485786 0.06389782798434043
0 0.48841276354207086 0.0739824786595285 0.07610303108247314 0.05312853113304686
0 0.4655818542173279 0.05545928807530298 0.07179531234195571 0.043436163966883365
0 0.4044122481019823 0.08546972863424165 0.10051343727873858 0.04020537491149457