0 0.5 0.4511495377673783 0.7142857142857145 0.6620229404285727
1 0.6296477495107634 0.7529541135509908 0.1549249836921068 0.051333329605424576
3 0.6989562948467055 0.6042644691766597 0.09132420091324168 0.026551722209701614
0 0.3242552279946969 0.06058981994883349 0.12506235126437748 0.09773782466332454
0 0.4609142700126802 0.06404519758844614 0.14552709965309274 0.11057208446759931
0 0.5855218490906414 0.08354339998340123 0.14279846653459743 0.10612945607381151
0 0.6998970539742444 0.11834398906807066 0.1287005287557041 0.103661329188374
0 0.7828929779951482 0.14302525792244505 0.11551213534964208 0.10662308145089874
0 0.16281122823106034 0.06375737112008054 0.11899872404685365 0.09995914048535923
0 0.028306139154078605 0.08483939028512788 0.05661227830815721 0.09015519308582406
0 0.20184584153305357 0.029820625893569062 0.07882718026033604 0.05923504621354656
0 0.0921320497764804 0.03825339288924766 0.07465843515041462 0.05224201992444691