0 0.5 0.5 0.7142857142857144 0.6382159753156038
1 0.7427361245435549 0.6288015886579159 0.03462722846627545 0.03824499860454292
3 0.7720236702993293 0.5907295582557632 0.026271904528454647 0.02670259148793755
0 0.07976091798546994 0.11968491566418266 0.14431244659895096 0.11628053251138527
0 0.23367689070701372 0.13370087270796552 0.17701634636777802 0.1069365611488625
0 0.3725386873444931 0.14278528931041753 0.16611504644483477 0.09914991834676151
0 0.5010182935791706 0.1749700795591038 0.15729018460245478 0.10849388970928296
0 0.7042493342436951 0.2582958532591173 0.2595547600700559 0.16717073652256287
0 0.7795205511343415 0.24686674809850923 0.10174546594746227 0.09759258978634104
0 0.845187905432065 0.27360088838572577 0.0825384137022779 0.09188238506479936
0 0.8976179669662153 0.2959225977517498 0.07942375658143697 0.09499704218564027
0 0.9369279333935117 0.314459832116963 0.0896224953547792 0.09688241816284848
3 0.09560244502539468 0.13290117623863748 0.011415602194384629 0.00961313869000707
3 0.2734455107905353 0.15663361237959286 0.010213959858132922 0.00961313869000707
1 0.09567811945440137 0.1488835236598376 0.04155679952204924 0.013268134787160688
1 0.2729203728375966 0.17003743666955456 0.029039691232274487 0.010514370963409637
1 0.42046645063084015 0.18625409596818032 0.019827098548139993 0.008711906937819607
1 0.5530977234945387 0.21449269087007763 0.026736541981583355 0.01051437044219585
1 0.6085234762541151 0.21854823375492385 0.027036952565647594 0.020427919716265848
3 0.4210439865870834 0.17345906047283494 0.010222305384833876 0.009179212998627785
3 0.6119924788062622 0.20656681281106637 0.009387831475867952 0.005841317362762778
1 0.8734328719216577 0.30862621169122617 0.011300167257914207 0.010083226168599338
3 0.8191051447201533 0.27455186119044267 0.004520066903164631 0.005910856719524293
3 0.8741282668298357 0.29932530479432906 0.003998520722030251 0.0046939156302094245