0 0.5 0.5 0.7142857142857141 0.6282267524650785
0 0.04155947798694147 0.12064378922903024 0.08311895597388294 0.1857173043716259
0 0.28602164661182744 0.1384254429436907 0.24894021977559172 0.17465329704890778
0 0.5331442076398515 0.14443161967478504 0.3082117006745419 0.22839277306395492
0 0.7797135681794868 0.21081567828161077 0.23866649641977333 0.19362017093657186
0 0.9464374077976289 0.2444553254767816 0.10712518440474228 0.1857173043716259
1 0.6172048690268945 0.6320293284911068 0.1931703987981223 0.0691893974991193
1 0.31827028774159616 0.1965449138617764 0.06256434287085612 0.01481787067993935
1 0.6022282426099292 0.22136042420098295 0.03684141290418705 0.01905590322630348
1 0.8341520571805239 0.27036015588234685 0.051222269953706094 0.023781768192791503
1 0.04627226598250471 0.16889317065122733 0.06923644838890443 0.022867083871565715
3 0.6386874775154913 0.5640391013155043 0.03342117297009276 0.034794668106494
3 0.04786025791802837 0.14227842581182054 0.021279091936039538 0.015244722581043833
3 0.3195656780864158 0.1748322604900886 0.024137477419985547 0.024455075807089225
3 0.611597395029529 0.1706152596835292 0.021614334677984424 0.023378770161899952