0 0.5000000000000001 0.49999999999999994 0.6204008449784549 0.7142857142857142
0 0.013413841863365313 0.37261643797849014 0.026827683726730625 0.5119476825040764
1 0.49402262528570723 0.6997421638350501 0.2305864843010375 0.06540715437141544
3 0.48413701168953777 0.6534931339812434 0.04221312799857377 0.0338632785043495
0 0.08498046046368338 0.08713467510981354 0.1392422469813525 0.09308459604830738
0 0.20999076507401457 0.06559443800772645 0.18924636882548454 0.11154765642152588
0 0.35346413005756255 0.06559443800772645 0.12847212843030895 0.09923894950604689
0 0.49770662835523766 0.05905837208884221 0.12616424588365635 0.10770728431572665
0 0.6457959193001814 0.07490289761255685 0.12539495170143922 0.1169327156970471
0 0.7804224011882299 0.09413525216799193 0.1392422469813525 0.11385553896817735
0 0.8992783523408217 0.12067590145449279 0.1277028342480918 0.09923894950604689
1 0.0451615484088829 0.12043610859256736 0.0248566333248261 0.012242819398795096
1 0.163323305333617 0.10170088496713825 0.03190552934231398 0.01187182487155919
1 0.3332387988078019 0.09502298347688684 0.025227627852062003 0.010387846762614434
1 0.4951105173907961 0.08611116881124174 0.036327781270848215 0.008547713240199244
1 0.6540445604507567 0.10507640756293406 0.028314300108161494 0.010150409472736818
1 0.8071350725384959 0.12402876396089527 0.02844291455932231 0.008965701328481773
1 0.9344480314029422 0.15021479508235847 0.024423807067244865 0.012984808820560358
3 0.16041910073086665 0.07270753583391731 0.006440877087502763 0.0033492560855019372
3 0.656263960528176 0.08241554331214689 0.009893187672807512 0.009274863443257399
3 0.49627256613198645 0.06618453228644701 0.010202349787583139 0.010820674017133252
3 0.8105358558010238 0.10421147240380121 0.011129836131908879 0.008965701328481773
3 0.9361793392456832 0.14050710467841554 0.008656539213707286 0.007729052869381544