0 0.5 0.49999999999999994 0.714285714285714 0.5849582172701949
1 0.648805863875269 0.591535607154314 0.1779103893537804 0.06330144939554079
3 0.6759921705630354 0.5416274117887767 0.04930849742389375 0.030651228128366702
0 0.9310751501778151 0.25503315602027476 0.13784969964436988 0.15492529065663277
0 0.7467786065008624 0.22114324868913499 0.23238793598494917 0.16719020950028352
0 0.5408570743364242 0.18757610238019803 0.27241030273791444 0.1943021353651945
0 0.3136333147066939 0.14206679824981325 0.23755211234017043 0.14459693794619027
0 0.09060544836558429 0.12237837589553233 0.18121089673116858 0.18655587083236141
3 0.6128020366045148 0.20103752971108865 0.008405234908405779 0.009339149898230995
3 0.8140295864117091 0.26108826355670783 0.014320029843950586 0.012763504860914831
1 0.8124730614286686 0.27884821361317513 0.04669574949114792 0.019643345285943737
1 0.6118369911150331 0.24630127621784575 0.044516614514894574 0.018678299796459637
1 0.3582727487990524 0.2043397685160768 0.056931457518296556 0.017931167722298032
3 0.359447932879608 0.18598300239801216 0.017727090593145305 0.014268146087164183