0 0.5000000000000001 0.49201117757246987 0.6705282702050952 0.7256983177536145
0 0.10638292999036317 0.4951940649310383 0.21276585998072634 0.562310100013765
1 0.329185045090158 0.8007512513536114 0.16763206755127388 0.05304812264280886
3 0.31963638301445185 0.6755576819165857 0.09336469585134229 0.04031657320853341
0 0.8113919616465689 0.08949643955877219 0.18639600755851443 0.1307730719696247
0 0.6365347545559622 0.10488150684931782 0.17515307376927178 0.09290213710059386
0 0.47854194814922013 0.1406813749676988 0.17870347391324323 0.11479627132175241
0 0.3504316762875743 0.15961684240221424 0.17337787369728527 0.13373173875626784
0 0.22971807139253644 0.20340511084453217 0.14024080568688244 0.11361280460709416
0 0.14746713472385847 0.22766617849500556 0.1461581392601687 0.131364805326953
0 0.06478911820521906 0.2625787195171896 0.11177185971581671 0.12163408263191831