0 0.49999999999999994 0.4999999999999999 0.7142857142857142 0.4301465815287158
0 0.15813144674368293 0.5364131183407687 0.31626289348736586 0.3833402698088144
0 0.02452608800149208 0.5426142109406171 0.04905217600298416 0.3190744010467471
0 0.8580225044122649 0.19900854949558958 0.23332394672625698 0.16833774679914437
0 0.7170885768594908 0.2162338073075949 0.21453275638588581 0.15894215162895878
0 0.5964889844945055 0.21427659585781797 0.24119848040263714 0.17538444317678237
0 0.45636081088686237 0.25146728919578726 0.23175801419789113 0.19182673472460593
0 0.3150354002019985 0.3113642084057162 0.14798062393040978 0.12057680468403952
0 0.2543555147278914 0.315279039726626 0.19417563351715356 0.14876359019459387
1 0.20233063216104866 0.5940182488847154 0.06089737248051422 0.03860458434032631
1 0.0027829919793614807 0.6388756884350949 0.005565983958722961 0.026098873920220034
3 0.18438765634089666 0.5616665197544424 0.020661608520175484 0.02066160852017548
1 0.9722755740723226 0.2221464677759995 0.03352980496240837 0.0226552736232487
1 0.7869554358341447 0.2513717707499922 0.038060859687057635 0.018577324371064127
1 0.6440006592714427 0.2699490951210563 0.03760775421459295 0.017671113426134748
1 0.5026317518623683 0.28490157571240177 0.024920800985574528 0.013140058701485484
3 0.5001396717638101 0.27235055412512194 0.008609003976833843 0.007702793031904463
3 0.6429183294030594 0.2539193160908797 0.013844889499978157 0.011012980284074018
3 0.7847655154619202 0.2315786989431891 0.009754353965894405 0.009439697386349498
3 0.9715141954218469 0.20325960678414304 0.0094396973863495 0.010069010545439306