0 0.5000000000000001 0.5000000000000001 0.7142857142857144 0.4682944606414004
0 0.883708445139368 0.242705262699163 0.1761222414097705 0.11084616592223204
0 0.7112810759270048 0.23162064610693994 0.16544816617281347 0.15107921873844996
0 0.5080631050695793 0.21663588663967653 0.1703746624360251 0.10715129372482561
0 0.31059271318589654 0.20431964598165014 0.18597523393619017 0.15148976009371773
0 0.13036505822345176 0.2190991347712807 0.18679631664672575 0.10879345914589501
1 0.4927456452256183 0.6679832816297061 0.14950801593189056 0.04942918077748158
1 0.7263068895297977 0.2743169470547645 0.05254929347424424 0.012726782013294172
3 0.4918302900260349 0.5200008576971201 0.041496102381096404 0.031732313585544424
3 0.9160598989027183 0.27767039816206696 0.011632005642529924 0.010263534390468426
3 0.7295030554653129 0.2520799857485003 0.014711065959670092 0.014026830333639342
3 0.5082554657881267 0.24824826624272586 0.009579298764435881 0.008895063138405187
3 0.08725580849497194 0.25126561967668787 0.009265690811702193 0.009265690811702138