0 0.5000000000000001 0.5000000000000001 0.7142857142857143 0.5848409232688706
0 0.1589207735495948 0.4677167810355594 0.3178415470991896 0.3836556456643794
1 0.02565063189449816 0.6162180202943348 0.03244527956472139 0.016456305491829006
1 0.27588038880556287 0.6430346705564295 0.12634311170775056 0.04775648720053684
3 0.24196723776821918 0.6093330988927584 0.022366962359745002 0.024180499848373203
0 0.044902774504667994 0.29712221898971736 0.08980554900933599 0.10295446418349204
0 0.09901535977517152 0.27885043695032585 0.11138759435551762 0.1050627467264978
0 0.15172242335033853 0.25442949749383253 0.0931158123161267 0.10400860545499556
0 0.21620073112395913 0.23141407973267705 0.11033345308401538 0.11560415944153173
0 0.30369445665873523 0.20260088497825285 0.13282180020941908 0.1163069202892003
0 0.41648757270959064 0.1688683642901466 0.14266045207678313 0.12052348537521439
0 0.541403313382734 0.1428662129263974 0.1535532452156507 0.12192900707055154
0 0.6754549450755741 0.11844527346990347 0.13001075681874347 0.1103334530840154
0 0.8258457664767161 0.09824089909942363 0.14968806055347283 0.1163069202892003
0 0.9927514677980764 0.08945638850356247 0.014497064403847126 0.10998207266018047
3 0.9949953120010775 0.10566273646591885 0.009028524689568286 0.009272538870367258
3 0.8063441529539043 0.11327998123953714 0.005973467205184902 0.006324847629019836
1 0.8078852381643049 0.12757520990168134 0.03635811293906955 0.011712680678358237
1 0.9956541502892344 0.11786344550587502 0.00869169942153114 0.010736623955161076
1 0.504150499958988 0.1734298612467688 0.03484522329078244 0.015812118131951332
1 0.3734077083679432 0.20578614001678078 0.017569020146612446 0.015519301129507598
1 0.259648302918624 0.23872805279168088 0.023718177197926994 0.014640850122177682
3 0.25789140090396356 0.22847945770615596 0.006149157051314548 0.007613242063531933
3 0.372090031856947 0.19568395343247902 0.007906059065975664 0.006441974053758282
3 0.501368738435775 0.1596674621319223 0.009955778083080513 0.008784510073306865
3 0.17698606312881077 0.2632075541959616 0.008784510073306863 0.004977889041540898
3 0.11900829664498687 0.28604728038655797 0.005856340048870815 0.0055635230464270834
1 0.1794750076495799 0.27360255778270703 0.012591131105072829 0.00937014407819305
1 0.12149724116575732 0.2951246074623086 0.01376239911484648 0.006149157051314549
1 0.003931214684672853 0.33816870682150985 0.007862429369345706 0.007906059065975666