0 0.5000000000000001 0.4799140637031155 0.6876516179001353 0.7429799089955493
0 0.5039684067284496 0.05475757932920959 0.09307615522060535 0.04994330280129979
0 0.6335939789990974 0.06372467233217138 0.1566403587858969 0.1010216806662666
0 0.7839914249348326 0.06031944714117338 0.14869483334023545 0.10102168066626659
0 0.9661709726532122 0.057481759482008905 0.06765805469357566 0.1044269058572646
1 0.4150315529606162 0.8069437842849332 0.0948484990207082 0.04544823911409024
1 0.6103249401939467 0.10288476202864599 0.032917176846311375 0.011350750636659475
1 0.7669652989798434 0.0898313987964883 0.030647026718980397 0.010215675572993974
1 0.9758191106943728 0.0841560234781578 0.04199777735563833 0.012485825700324948
3 0.3458711890913494 0.6705990669426651 0.07508839505806089 0.025688135151441388
3 0.9746840356307064 0.06656235999133586 0.01248582570032495 0.009080600509326959
3 0.7663977614480109 0.07507542296883085 0.015891050891322943 0.012485825700324948
3 0.6040820273437849 0.08358848594632429 0.015891050891323134 0.009080600509326946