0 0.5 0.49999999999999994 0.7142857142857143 0.6252781486426348
0 0.1581889210483479 0.09630602394278358 0.18179598936176777 0.13501807397043442
0 0.29427012945949566 0.12394751940129912 0.1626595694289491 0.1413968806147073
0 0.41922024463842844 0.17120167745518494 0.14954779580589167 0.12907029679512716
0 0.5073975964393312 0.20849554686570118 0.1265881757029128 0.12100340324543095
0 0.5871220786682447 0.24173923040393305 0.09767605779377285 0.11742673124472058
0 0.6570753729999631 0.28106102572900143 0.09264861364262322 0.09839426410108117
0 0.6950325763411462 0.2993752865653334 0.11024466817164948 0.12712251639336739
0 0.7492571525428358 0.3268466778198327 0.08295282849397644 0.10234439879127002
0 0.7731375122607976 0.33995394292818715 0.08474834426224379 0.10054888302300266
0 0.8080782491112924 0.37126773792677964 0.056379195123611704 0.0821628015559383
0 0.837197677343837 0.5254753605964856 0.27253691081298986 0.34223487488975396
0 0.9764564298404645 0.5590330981136169 0.04708714031907091 0.1327934784334478
0 0.9440409145268658 0.4805729378926287 0.041596116080928267 0.036808073942117235
0 0.9738464768409713 0.497211384325 0.023940210694060327 0.03860358974417072
0 0.8887687277372517 0.43008883449523544 0.026573633370364724 0.022264395526521697
0 0.8299117208534291 0.37715702964669806 0.02765094283132548 0.03267838698247509