0 0.5000000000000001 0.5000000000000001 0.7142857142857144 0.6366987561524656
0 0.9089171977039979 0.11563147482781966 0.18216560459200415 0.1678271691868834
0 0.7001582361011766 0.1189558290838679 0.18154876336053277 0.16504433032775825
0 0.5719740114998912 0.15734549630942352 0.11970937779253103 0.11245426398692371
0 0.1277180118428011 0.547427573983563 0.21521569026390236 0.22566305386894617
0 0.23219164789324032 0.386538174465889 0.123278890539517 0.08775785428236885
0 0.4864060805990983 0.2045363791052153 0.12836622067611186 0.11226174197148839
0 0.4075307214025074 0.2472937889777274 0.07590871081395714 0.10453904111938633
0 0.011637084341523034 0.5790356987531161 0.02327416868304607 0.17211508361818273
0 0.36742721988060195 0.27410942374597813 0.06473582249519673 0.09761751011180471
0 0.31604958297965313 0.30442222951753795 0.08734198273161548 0.09761751011180471
0 0.27417680890537827 0.31870521257600387 0.061139387912131006 0.048808755055903215