0 0.5000000000000001 0.49999999999999994 0.7142857142857144 0.5997588908981313
0 0.20388788426763202 0.4547920433996392 0.3420735382760696 0.34960819770946355
0 0.053515763067725014 0.45646234889671355 0.10703152613545003 0.29907091882463255
1 0.2300820509197303 0.6428182084453417 0.049892468546535965 0.03066561481396862
1 0.0933244793400437 0.594112757059778 0.03819681140331201 0.033295450648020204
3 0.20190850263040352 0.59253356539209 0.017649833445961414 0.023552541508916978
0 0.7462648396964269 0.102644876962056 0.16052481073866526 0.11326369894758641
0 0.8959929309310953 0.07942174444402568 0.13648683146561671 0.11978247298773496
1 0.7098643408458912 0.13478548251908282 0.02518102669536672 0.010185583831834051
1 0.8789733257427563 0.1092932296510759 0.04017646955890063 0.013580778442444989
3 0.878124527090103 0.08991232708217005 0.016410107284621594 0.013297845558227203
3 0.707657464348995 0.12004467925134488 0.010468516716051833 0.01131731536870395