0 0.49999999999999994 0.5000000000000001 0.7142857142857142 0.42885946782547096
0 0.15718832349238068 0.5397953237787313 0.31437664698476137 0.3844328503688283
0 0.8805259437230984 0.1853748011272654 0.2389481125538031 0.18303722863778868
0 0.7202701727269227 0.21954698758968486 0.20581868627940159 0.16339804101570723
0 0.5961505069553771 0.21404801505550236 0.2466681965333278 0.17439598608407225
0 0.4516060860568648 0.25568309281431384 0.23095684643566314 0.18539393115243732
0 0.25128637231164813 0.3118511694134633 0.19639187622080231 0.1500433934326936
0 0.312167853940096 0.308316115641488 0.1437588533936282 0.11626399072271563
1 0.19924252511313795 0.5956112449690276 0.06480931915286464 0.03927837524416047
1 0.006778486416750011 0.6371808587690984 0.013556972833500021 0.025530943908704185
3 0.18342915438116952 0.5627899731017932 0.01818443280312147 0.019093654443276944
1 0.9732326461193527 0.2214399657818766 0.032731977423041285 0.024548983067282752
1 0.803844662955109 0.23562382266519427 0.03218644446599262 0.014729389840368697
1 0.6538230997661657 0.2743566626157935 0.02018471941087677 0.018002587582672588
1 0.500528338834916 0.2836307228856554 0.02345791715318066 0.013638323926266606
3 0.6495950154263005 0.24788015445282877 0.014206587920947736 0.01210190822895495
3 0.8029735479802337 0.21512607674620085 0.008944888690965767 0.011838823267456448
3 0.9706169244885048 0.2024352154619801 0.009786760754935217 0.010418164674608304