0 0.49999999999999994 0.49999999999999994 0.6090561224489797 0.7142857142857142
0 0.9391197759471925 0.39345560525177864 0.12176044810561493 0.45493158000619677
0 0.091420297680236 0.10263203923457813 0.1575761460827939 0.10809973082196896
0 0.23569186150801888 0.08766438419769074 0.13845080909121524 0.11641509473135152
0 0.4028306760866015 0.07810171570190202 0.11433625375400555 0.09978436691258774
0 0.5556113270724108 0.07893326497073568 0.1347375124207777 0.10477358525821627
0 0.7080045315609304 0.09161418205464754 0.15840768247373177 0.111841644581192
0 0.850197254411368 0.11094740314396129 0.16090229164654665 0.11475202194947577
0 0.9639098558721702 0.13048850833100953 0.0721802882556597 0.108099730821969
1 0.5118836817263129 0.6817842621873272 0.21784712168501355 0.06540563700708457
3 0.5077426167997543 0.6264001608927889 0.05686514012963097 0.03755245102900185
1 0.05969592472681937 0.13527686731817964 0.03512856246335061 0.01419578894066874
1 0.2149450285541096 0.11448143280544788 0.03908221037409646 0.012888814059542087
1 0.4076535871540438 0.10429511201645517 0.03367722383299775 0.010809973082197406
1 0.5712583720711398 0.11298466730176022 0.032429919246590944 0.008315363909382522
1 0.7438361514789225 0.12418441788732792 0.02252077591490834 0.013281483231868375
1 0.898103466496045 0.14283623999121434 0.02714042225642706 0.011549115853798697
3 0.572562763367084 0.09938269159129538 0.006929469512279975 0.00808438109765934
3 0.7460882290704146 0.10790016453347244 0.009239292683038703 0.007795653201314184
3 0.21378038638113406 0.10022048683249367 0.010586690057447593 0.009143050504160147
3 0.05630337177659211 0.12254877859002031 0.009624263688589296 0.009624263688589296