0 0.5 0.5 0.7142857142857142 0.6841046277666
0 0.048605892438313536 0.061449527447802035 0.09721178487662707 0.12131117340882418
0 0.2213247155652261 0.08293738103367032 0.18550273601977102 0.12294316228876358
0 0.3720116888129572 0.09816927724643731 0.18659072860639597 0.12185516970213735
0 0.5088267565812049 0.1270010807920332 0.1621108954073067 0.12403115487538997
0 0.6981374666541694 0.1732407657236467 0.18387074713983292 0.1338230881550253
0 0.7985047827704377 0.20316056185586895 0.08975938839666385 0.10444728831611773
0 0.855624393568315 0.22247243026848315 0.09846332908967434 0.10172730684955199
0 0.9497362601451981 0.25919793291415466 0.10052747970960385 0.11316250465396636
1 0.7248095647989846 0.6688523157310685 0.0909682632363012 0.06401470375887858
1 0.0652171780588459 0.09275481338603037 0.04249970999373111 0.010756099442857789
1 0.26433618969614275 0.12239967282610145 0.03987627110522951 0.013379538331359388
1 0.4268582288388374 0.13577921115746222 0.030169547217773186 0.012330162775959299
1 0.5610471279857111 0.16411235115328388 0.027808452218121612 0.011805474998259255
1 0.7715780987879908 0.21566292531234627 0.01600297721986098 0.008395004443206214
1 0.8309989896125587 0.23848684364231262 0.011018443331709187 0.0068209411101047045
1 0.8934368351589038 0.2567197439174009 0.012592506664809319 0.008132660554356193
3 0.8954066597566698 0.24828908120094254 0.006376413994375524 0.005283314452482577
3 0.8323712528408349 0.22870438107535845 0.0052833144524825765 0.006194230737394743
3 0.7723418696652056 0.19955505995820907 0.00582986422342905 0.008016063307216322
3 0.2664087064180594 0.1071312584950215 0.01574063333101096 0.016265321108712386
3 0.4301112930605785 0.11618212266035276 0.008395004443206212 0.00918203610975628
3 0.06605667850316639 0.07955891577686573 0.008657348332056234 0.0068209411101047045