0 0.5 0.5 0.7142857142857143 0.6197195179482786
0 0.034416967671282564 0.12243182556579436 0.06883393534256513 0.11168500313829255
0 0.18092141296445455 0.13688517891310295 0.15241718075343424 0.11168500313829254
0 0.3129725049103186 0.1493676204403241 0.16161476924717597 0.10511529707133371
0 0.4443666262494872 0.16907673864119896 0.15110323954004345 0.09197588493741711
0 0.5442261584672534 0.19272768048224984 0.14321959225969255 0.10774317949811772
0 0.6178068664171877 0.2170355929299955 0.12219653284542631 0.10380135585794288
0 0.6986142510407757 0.24068653477104518 0.08672012008385024 0.08803406129724227
0 0.7544567526099226 0.25645382933174643 0.13796382740612567 0.12219653284542627
1 0.771261311489472 0.6383111034867275 0.10314362911180745 0.038598447484667266
1 0.05018426223198379 0.1559373265072824 0.02496488305444232 0.0105115297071337
1 0.20917114905237633 0.16776279742780753 0.030220647908009185 0.015767294560700605
1 0.5908710715426586 0.2387156229509584 0.02627882426783311 0.013139412133916516
3 0.7757923671261834 0.596535353540907 0.09766720380964469 0.02728936577034143
3 0.052812144658765985 0.13885609073319036 0.0170812357740914 0.015767294560700643
3 0.21048509026576773 0.15068156165371552 0.01445335334730858 0.007883647280349687
3 0.36158832980581057 0.16907673864119896 0.01970911820087545 0.010511529707133737
0 0.8505250585410509 0.3043054412163463 0.07482651567678204 0.08387811031510224
0 0.8879383163794436 0.32210691067171104 0.0724127571065629 0.07844715353211013
0 0.9286704922518834 0.3417186990547373 0.07422307603422694 0.073016196749118
0 0.9660115893650915 0.35439130358668736 0.06797682126981708 0.07403310815891143
0 0.9959856858288005 0.3679523996566774 0.008028628342398925 0.07100659744801298