0 0.5 0.5000000000000001 0.7017176372015087 0.7142857142857144
1 0.3973607038123171 0.656053623795559 0.17804775869292003 0.05865102639296254
3 0.35546711353162996 0.5795978215333049 0.056556346878928236 0.04817762882279097
0 0.9459033854307417 0.1624503491473014 0.10819322913851659 0.11001219433242256
0 0.7803983143111661 0.15660899369602324 0.119747786751222 0.09346168722046565
0 0.25638005236933625 0.2751398313948951 0.12997015879095983 0.09492202608328582
0 0.17099890685647515 0.304736032348042 0.14554710666103826 0.12315524409780071
0 0.09035389158199952 0.33440474951315446 0.09160921536504013 0.10073633276303316
0 0.03947866312281665 0.35434919123469344 0.0789573262456333 0.09127117397992873
0 0.888098442728893 0.1119065206746739 0.05232880996001298 0.047055363995049525
0 0.8211662439428306 0.11624697235352864 0.051517510580787955 0.03934801989241265
0 0.6901413941979923 0.1348257281377811 0.06612089940683831 0.029612427341712412
0 0.5366029866796601 0.1571364610664683 0.05922485468342484 0.03610282237551257