0 0.5 0.5 0.7142857142857144 0.6161863887185773
0 0.9386902275904423 0.525384469613547 0.12261954481911541 0.41158568691249403
1 0.6273475246631505 0.4815481357308705 0.23052420223283 0.0701078759367889
3 0.6346507388450313 0.4040550950559691 0.03589562989180008 0.040021564362121925
0 0.9481372089479511 0.295792605693533 0.10372558210409788 0.13749971703891833
0 0.8929774387404784 0.2863994564190718 0.12590817112575498 0.11071924889471084
0 0.8032428850333921 0.257020883156395 0.12151137784834593 0.106322455617303
0 0.7163062906846585 0.2354366252491236 0.14589359511396865 0.11751429305070343
0 0.5937956416369017 0.20845630286503403 0.15748514102713446 0.11711458457093932
0 0.4590938839563328 0.17568020752436095 0.1343020492008041 0.07794315355403775
0 0.326990231394232 0.1586925971343788 0.13789942551868245 0.07434577723615939
0 0.14931993450801895 0.1672871868611098 0.13510146616033236 0.11391836282713573
3 0.94017657890134 0.32013538978010847 0.006553862148687892 0.010216314525894473
1 0.93661050684985 0.33064084528315085 0.011758399737351091 0.008866989965870996
1 0.6398569467131058 0.24398649479823367 0.03136601078233392 0.015544217732838567
1 0.7628228119925254 0.27340947836396456 0.015266642416181775 0.009992711399682108
1 0.8419317772400059 0.2925621752133542 0.013601190516233744 0.007772108866419283
3 0.8448112014884461 0.2829580681390048 0.006104087155257415 0.006746622645285725
3 0.7656990192788526 0.2633767990804269 0.007549792007818381 0.00771042588032637
3 0.3439178855122518 0.18904379436448238 0.012324344792732745 0.007327988795679323
3 0.6423668837362609 0.22734919034189374 0.008327259995090252 0.007994169595286205
3 0.15045517581875728 0.1756802997494862 0.008789885463226926 0.010409074890663561
1 0.15219002163386666 0.19268178873756783 0.03261510132407697 0.011103013216707312