0 0.5 0.4984573985043338 0.7142857142857144 0.5109980371127999
0 0.0141162649588575 0.21765520174218278 0.028232529917715 0.12304300377268586
0 0.09678151104550964 0.18169335764436811 0.10488708643252609 0.06538517108693459
0 0.21440911927633713 0.20338934623230576 0.13984944857670145 0.08500072241301451
0 0.3267034858241556 0.21379153254159058 0.13333104207524585 0.08202866918179093
0 0.43070169864284646 0.23905398500699776 0.12918296521068234 0.0909448288754639
0 0.5213668072540143 0.255400277778731 0.12325714111844949 0.0867839543517496
0 0.5850694162455202 0.2666940800573832 0.10014642715873981 0.07370692013436222
1 0.7686619088984472 0.37673647271797017 0.05884672967490727 0.034261171705247936
1 0.24685345591257107 0.23328003504061878 0.022861977297567348 0.008360811352509762
1 0.3652118175468498 0.2459406922315621 0.015717609392077288 0.007405290055080557
1 0.47161033733270624 0.2687641321699431 0.021664633306720575 0.009953346457193134
1 0.566603966121871 0.29401245434969014 0.014387962577746214 0.006967342520035437
3 0.7491149182721665 0.3307109227765834 0.023044873159404605 0.021464830465938143
3 0.36652161832952224 0.23650491941944393 0.007858804696038644 0.005733127784578395
3 0.2486395478889436 0.2215748991471047 0.008811387083436758 0.00788305070379516
3 0.5672310945956355 0.2843290586188605 0.004286620945381897 0.007166410068575848
3 0.6191134967712402 0.29579531472858167 0.00517252260742784 0.004586502443888736