0 0.5000000000000001 0.4720782783812858 0.7142857142857143 0.6258865771768273
0 0.0839469808541969 0.4575001748756148 0.1678939617083938 0.4801055421201125
1 0.36008836524300475 0.7587809806594907 0.1583210603829161 0.05248117262041778
3 0.287371134020618 0.5993937156641489 0.09020618556701004 0.02526871274316335
0 0.8829722656147099 0.09688768807514112 0.1273174587042327 0.11057729843723182
0 0.7073980764215714 0.08940810187048795 0.13491544660714214 0.1112277618139889
0 0.5631595474219162 0.10413974415099492 0.13844537201655754 0.10351564514116364
0 0.42504011575916284 0.11721439734669206 0.1478525326887867 0.07751251802217715
0 0.31517746994179996 0.1990632800134657 0.3367752133466815 0.12738071143504637
0 0.20625615132088299 0.1809048884699574 0.1369004954560945 0.12557389487471782
0 0.3106427791061558 0.12624862487340743 0.11037602446147642 0.0505909216761451
0 0.12532810634220812 0.21177148667749116 0.10017979100092654 0.1046449138133685
0 0.06820248780907337 0.2376121896284652 0.08972210804506484 0.09818302099752838
0 0.008962683627962681 0.2704554509346979 0.017925367255925362 0.09598724108780117