0 0.49999999999999983 0.5 0.6965272296764012 0.7142857142857143
0 0.9826175257627923 0.04471863587020725 0.03476494847441547 0.0894372717404145
0 0.7823717714993789 0.05458990544657161 0.14101813680522107 0.10717378397196757
0 0.6272518210136352 0.06728153775904322 0.1466588622774297 0.10435342123586414
0 0.4707216891598406 0.10958697880060865 0.15511995048574298 0.1156348721802809
0 0.3423951846670889 0.14202115026580972 0.12409596038859431 0.11845523491638593
0 0.23663158206317464 0.17868586583516674 0.10435342123586408 0.12973668586080278
0 0.14779015587588404 0.2209913068767321 0.09025160755534076 0.12973668586080273
0 0.09055425831218764 0.26284129845081144 0.08865126586912786 0.11234255243760213
0 0.061895443914839796 0.2748397887451657 0.08750491329323314 0.10852137718462242
0 0.010500636762264492 0.30877182499162664 0.021001273524528984 0.09552938132449143
0 0.7029606471454685 0.03248118470332325 0.08852388736391677 0.06464154365063088
0 0.8312565975732457 0.01837468035000833 0.0859764373678333 0.03674936070001666
0 0.7594503508086301 0.0003833147526653649 0.054451743666293864 0.0007666295053307299
0 0.5797277535849067 0.050790981550175696 0.08725016236587581 0.06241252490405687
0 0.48515367248029073 0.06066235028500169 0.11017721233063033 0.041396062436363894
1 0.3312943962115211 0.7308602999210722 0.18153117600631363 0.06314127861089228
3 0.2971585404401872 0.6773645453122779 0.1522222223004128 0.02765384351758194