0 0.5000000000000001 0.4734628047264094 0.7062603600725381 0.7521959932479866
1 0.6655596779031829 0.6255288903843027 0.0765593886257494 0.04229906221572715
3 0.7210652346568523 0.5996900967231135 0.03827969431287396 0.025073199774932293
0 0.16190696389689033 0.05326199645650294 0.14010828657029284 0.10652399291300588
0 0.3109852744598312 0.06337964596919247 0.14455617064213838 0.08376844760288042
0 0.451649548200066 0.09006693901081708 0.14863339596794312 0.09414683934129058
0 0.5741516363980833 0.12490868270405041 0.1452974843377391 0.11119705434010725
0 0.6784915390538834 0.15937976954948338 0.1308418672735257 0.10823179955770434
0 0.7537348791573547 0.18365779308040675 0.10711982901430252 0.10786114270990323
0 0.8232330381199224 0.21312501248053517 0.09118158455888768 0.10230128999289853
0 0.9079281278423026 0.254638579434175 0.1011893194494967 0.08376844760288042
0 0.8448143453559817 0.42935211294631337 0.3103713092880367 0.43297053053114937
0 0.9530569779887677 0.437984960947701 0.0938860440224647 0.39445474714034146